1	1.92985E-05	0.999981	0.999957		0.307890223	0.692109777
2	1.80786E-06	0.999998	0.999996		0.205284553	0.794715447
3	4.08215E-05	0.999959	0.999909		0.509955752	0.490044248
4	1.81142E-06	0.999998	0.999996		0.342274052	0.657725948
5	7.88796E-06	0.999992	0.999982		0.198750252	0.801249748
6	2.36114E-05	0.999976	0.999948		0.17383821	0.82616179
7	0.0015293	0.998471	0.996602		0.210526316	0.789473684
8	2.28557E-05	0.999977	0.999949		0.196078431	0.803921569
9	4.93984E-06	0.999995	0.999989		0.488721805	0.511278195
10	3.88539E-05	0.999961	0.999914		0	1
11	1.80623E-06	0.999998	0.999996		0.187008905	0.812991095
12	0.000748579	0.999251	0.998337		0.558365759	0.441634241
13	2.62618E-05	0.999974	0.999942		0.749328559	0.250671441
14	2.39535E-06	0.999998	0.999995		0.455606759	0.544393241
15	1.24244E-05	0.999988	0.999972		0.543115635	0.456884365
16	0.000477911	0.999522	0.998938		0.563268017	0.436731983
17	0.0001015	0.999899	0.999775		0.75	0.25
18	3.51752E-05	0.999965	0.999922		0.447821682	0.552178318
19	0.000865469	0.999135	0.998077		0.21837228	0.78162772
20	0.00170515	0.998295	0.996211		0	1
21	0.00209792	0.997902	0.995338		0.60199005	0.39800995
22	3.39775E-06	0.999997	0.999992		0.455351488	0.544648512
23	0.000377574	0.999622	0.999161		0.565217391	0.434782609
24	1.78808E-06	0.999998	0.999996		0.355111111	0.644888889
25	1.84224E-06	0.999998	0.999996		0.394136808	0.605863192
26	0.488053	0.511947	0.761052		0.879037801	0.120962199
27	1.76059E-06	0.999998	0.999996		0.734573119	0.265426881
28	0.00161523	0.998385	0.996411		0	1
29	1.78089E-06	0.999998	0.999996		0.168067227	0.831932773
30	1.77503E-06	0.999998	0.999996		0.252830189	0.747169811
31	1.54112E-05	0.999985	0.999966		0.251223491	0.748776509
32	4.10748E-05	0.999959	0.999909		0.240188846	0.759811154
33	1.29998E-05	0.999987	0.999971		0.290064795	0.709935205
34	1.86988E-06	0.999998	0.999996		0.177067083	0.822932917
35	0.000259944	0.99974	0.999422		0	1
36	2.78798E-05	0.999972	0.999938		0	1
37	0.0023365	0.997664	0.994808		0.568364611	0.431635389
38	3.52596E-06	0.999996	0.999992		0.500404989	0.499595011
39	9.52345E-05	0.999905	0.999788		0.459874935	0.540125065
40	1.45652E-05	0.999985	0.999968		0.220900595	0.779099405
41	0.00423209	0.995768	0.990595		0.20657277	0.79342723
42	0.000277427	0.999723	0.999384		0.509043928	0.490956072
43	1.78255E-06	0.999998	0.999996		0.294985251	0.705014749
44	3.21758E-06	0.999997	0.999993		0.411025145	0.588974855
45	3.02816E-05	0.99997	0.999933		0.504411448	0.495588552
46	5.48866E-05	0.999945	0.999878		0.316912972	0.683087028
47	1.91657E-06	0.999998	0.999996		0.380266475	0.619733525
48	1.85819E-06	0.999998	0.999996		0.075614367	0.924385633
49	6.15537E-06	0.999994	0.999986		0.56031746	0.43968254
50	2.98067E-05	0.99997	0.999934		0	1
51	2.77857E-06	0.999997	0.999994		0.25574977	0.74425023
52	2.32378E-06	0.999998	0.999995		0.178958051	0.821041949
53	7.71738E-06	0.999992	0.999983		0.083333333	0.916666667
54	8.9497E-06	0.999991	0.99998		0.228187919	0.771812081
55	0.196862	0.803138	0.562528		0.636245675	0.363754325
56	1.96424E-06	0.999998	0.999996		0	1
57	0.000220539	0.999779	0.99951		0.928338762	0.071661238
58	0.000586331	0.999414	0.998697		0	1
59	8.10917E-05	0.999919	0.99982		0.617486339	0.382513661
60	0.000493388	0.999507	0.998904		0.525801953	0.474198047
61	0.000482287	0.999518	0.998928		0	1
62	9.58052E-05	0.999904	0.999787		0.696496412	0.303503588
63	0.0445834	0.955417	0.900926		0.820895522	0.179104478
64	3.82699E-06	0.999996	0.999992		0.32505123	0.67494877
65	2.37034E-06	0.999998	0.999995		0.428336466	0.571663534
66	3.39789E-05	0.999966	0.999924		0.3996755	0.6003245
67	0.99993	7.01039E-05	0.999844		0.815518177	0.184481823
68	1.82035E-06	0.999998	0.999996		0.17916261	0.82083739
69	0.00169211	0.998308	0.99624		0.422476297	0.577523703
70	2.18845E-06	0.999998	0.999995		0	1
71	2.72752E-06	0.999997	0.999994		0.39036643	0.60963357
72	3.93783E-05	0.999961	0.999912		0	1
73	0.000245022	0.999755	0.999455		0.678125	0.321875
74	0.00024645	0.999754	0.999452		0.203527815	0.796472185
75	0.000002261	0.999998	0.999995		0.065081352	0.934918648
76	0.00016905	0.999831	0.999624		0.037656904	0.962343096
77	0.000273942	0.999726	0.999391		0.817219817	0.182780183
78	2.84459E-06	0.999997	0.999994		0	1
79	0.000226841	0.999773	0.999496		0.327911729	0.672088271
80	1.83489E-06	0.999998	0.999996		0.088617074	0.911382926
81	1.7507E-06	0.999998	0.999996		0.258823529	0.741176471
82	8.87214E-06	0.999991	0.99998		0.271370421	0.728629579
83	1.86787E-06	0.999998	0.999996		0.086797066	0.913202934
84	1.83245E-06	0.999998	0.999996		0.52960103	0.47039897
85	0.000283889	0.999716	0.999369		0.215784216	0.784215784
86	0.000115087	0.999885	0.999744		0.069767442	0.930232558
87	2.12559E-06	0.999998	0.999995		0.129105323	0.870894677
88	8.86799E-05	0.999911	0.999803		0.479495268	0.520504732
89	0.00211512	0.997885	0.9953		0.433891993	0.566108007
90	1.77796E-06	0.999998	0.999996		0.268225585	0.731774415
91	0.122589	0.877411	0.727581		0	1
92	7.05566E-06	0.999993	0.999984		0.44606414	0.55393586
93	1.56116E-05	0.999984	0.999965		0.161290323	0.838709677
94	1.9141E-06	0.999998	0.999996		0.375	0.625
95	0.000722509	0.999278	0.998394		0.378450579	0.621549421
96	0.116598	0.883402	0.740894		0.652696284	0.347303716
97	0.413814	0.586185	0.0804121		0.689097104	0.310902896
98	0.00186876	0.998131	0.995847		0.632161155	0.367838845
99	1.41556E-05	0.999986	0.999968		0.046793761	0.953206239
100	1.80329E-06	0.999998	0.999996		0.071273359	0.928726641
101	1.87255E-06	0.999998	0.999996		0.052194543	0.947805457
102	7.64159E-05	0.999924	0.99983		0.435631375	0.564368625
103	1.9649E-06	0.999998	0.999996		0.069410815	0.930589185
104	3.80161E-05	0.999962	0.999915		0.59181353	0.40818647
105	0.803488	0.196512	0.563306		0	1
106	1.77607E-06	0.999998	0.999996		0.409973522	0.590026478
107	0.000584748	0.999415	0.998701		0.176407314	0.823592686
108	1.26872E-05	0.999987	0.999972		0.389842632	0.610157368
109	1.8049E-06	0.999998	0.999996		0.266063348	0.733936652
110	5.43923E-06	0.999995	0.999988		0.075880759	0.924119241
111	9.70709E-05	0.999903	0.999784		0.350409836	0.649590164
112	3.10955E-05	0.999969	0.999931		0	1
113	1.84718E-06	0.999998	0.999996		0.031650339	0.968349661
114	2.60619E-06	0.999997	0.999994		0.465512787	0.534487213
115	3.47909E-06	0.999996	0.999992		0.43989071	0.56010929
116	0.00004009	0.99996	0.999911		0.535740072	0.464259928
117	0.000344334	0.999656	0.999235		0.607476636	0.392523364
118	1.94412E-06	0.999998	0.999996		0.230340017	0.769659983
119	0.885757	0.114243	0.746128		0	1
120	0.000247132	0.999753	0.999451		0.28452579	0.71547421
121	1.12564E-05	0.999989	0.999975		0.108423686	0.891576314
122	2.16215E-06	0.999998	0.999995		0.111747851	0.888252149
123	1.61223E-05	0.999984	0.999964		0	1
124	3.69389E-06	0.999996	0.999992		0.165137615	0.834862385
125	1.77124E-06	0.999998	0.999996		0.322383073	0.677616927
126	0.00131821	0.998682	0.99707		0.444878049	0.555121951
127	0.000216546	0.999783	0.999519		0.548767022	0.451232978
128	5.35659E-05	0.999946	0.999881		0.330570902	0.669429098
129	2.8974E-06	0.999997	0.999994		0.241486068	0.758513932
130	2.27297E-06	0.999998	0.999995		0	1
131	0.700499	0.299501	0.334441		1	0
132	0.000106398	0.999894	0.999764		0.358660131	0.641339869
133	2.47774E-06	0.999997	0.999994		0	1
134	0.0066082	0.993392	0.985315		0.293838863	0.706161137
135	1.96806E-06	0.999998	0.999996		0.087479497	0.912520503
136	6.22238E-06	0.999994	0.999986		0.258064516	0.741935484
137	0.000001831	0.999998	0.999996		0.359349593	0.640650407
138	7.70588E-06	0.999992	0.999983		0.749343832	0.250656168
139	1.76836E-06	0.999998	0.999996		0.134108181	0.865891819
140	0.00199723	0.998003	0.995562		0.30952381	0.69047619
141	1.90509E-06	0.999998	0.999996		0.045220966	0.954779034
142	3.65322E-06	0.999996	0.999992		0.557001664	0.442998336
143	2.68905E-05	0.999973	0.99994		0	1
144	0.335976	0.664024	0.253386		0.921630094	0.078369906
145	5.06395E-06	0.999995	0.999989		0.200251493	0.799748507
146	1.81457E-06	0.999998	0.999996		0.054493802	0.945506198
147	1.76423E-06	0.999998	0.999996		0.377138414	0.622861586
148	5.90531E-05	0.999941	0.999869		0.218978102	0.781021898
149	0.000184694	0.999815	0.99959		0.394498382	0.605501618
150	0.916168	0.0838322	0.813706		0.530046225	0.469953775
151	2.36639E-06	0.999998	0.999995		0.278629396	0.721370604
152	3.04912E-06	0.999997	0.999993		0.046948357	0.953051643
153	0.0519458	0.948054	0.884565		0	1
154	0.00676668	0.993233	0.984963		0.37835249	0.62164751
155	3.30741E-06	0.999997	0.999993		0.292467012	0.707532988
156	2.08374E-06	0.999998	0.999995		0.228936665	0.771063335
157	1.8132E-06	0.999998	0.999996		0.435254237	0.564745763
158	0.130519	0.869481	0.709957		0.875679876	0.124320124
159	2.45227E-06	0.999997	0.999994		0.411887979	0.588112021
160	0.00119476	0.998805	0.997345		0.368550369	0.631449631
161	2.30633E-05	0.999977	0.999949		0.849929874	0.150070126
162	0.00276402	0.997236	0.993858		0	1
163	0.000293619	0.999706	0.999348		0.46328539	0.53671461
164	3.35314E-06	0.999997	0.999993		0.367412141	0.632587859
165	3.40349E-06	0.999997	0.999992		0.521156373	0.478843627
166	0.0021887	0.997811	0.995136		0.754977029	0.245022971
167	1.83802E-06	0.999998	0.999996		0.186211798	0.813788202
168	1.86323E-05	0.999981	0.999959		0.498891353	0.501108647
169	3.20458E-06	0.999997	0.999993		0.256592292	0.743407708
170	0.981465	0.0185349	0.958811		0.804410355	0.195589645
171	0.000280912	0.999719	0.999376		0.462962963	0.537037037
172	1.80576E-06	0.999998	0.999996		0.370044053	0.629955947
173	4.75586E-05	0.999952	0.999894		0.538590604	0.461409396
174	0.0162804	0.98372	0.963821		0.586645469	0.413354531
175	2.17822E-06	0.999998	0.999995		0.376890609	0.623109391
176	3.72414E-05	0.999963	0.999917		0.114718615	0.885281385
177	1.80509E-06	0.999998	0.999996		0.165280665	0.834719335
178	2.37229E-05	0.999976	0.999947		0.47993861	0.52006139
179	7.30839E-05	0.999927	0.999837		0.129411765	0.870588235
180	0.000280422	0.99972	0.999377		0.155446756	0.844553244
181	0.00220093	0.997799	0.995109		0.843505477	0.156494523
182	0.000829516	0.99917	0.998157		0	1
183	2.18595E-05	0.999978	0.999951		0.551820728	0.448179272
184	1.80528E-06	0.999998	0.999996		0.308894678	0.691105322
185	1.78593E-06	0.999998	0.999996		0.092538558	0.907461442
186	0.00138925	0.998611	0.996913		0.338185599	0.661814401
187	3.06992E-06	0.999997	0.999993		0	1
188	0.765973	0.234027	0.47994		1	0
189	0.00065613	0.999344	0.998542		0	1
190	1.78496E-06	0.999998	0.999996		0.01512605	0.98487395
191	0.000610263	0.99939	0.998644		0.376993166	0.623006834
192	0.000179656	0.99982	0.999601		0.274486094	0.725513906
193	1.7618E-06	0.999998	0.999996		0.023404255	0.976595745
194	1.89149E-06	0.999998	0.999996		0.173549884	0.826450116
195	3.15946E-05	0.999968	0.99993		0.194515853	0.805484147
196	1.79119E-06	0.999998	0.999996		0.046821207	0.953178793
197	3.66115E-06	0.999996	0.999992		0	1
198	0.000019918	0.99998	0.999956		0.422535211	0.577464789
199	1.82656E-06	0.999998	0.999996		0.475943233	0.524056767
200	6.94371E-06	0.999993	0.999985		0	1
201	2.10818E-06	0.999998	0.999995		0.256410256	0.743589744
202	0.0413722	0.958628	0.908062		0.510638298	0.489361702
203	4.7938E-06	0.999995	0.999989		0.435210229	0.564789771
204	0.000360562	0.999639	0.999199		0.285388128	0.714611872
205	0.000291871	0.999708	0.999351		0.251207729	0.748792271
206	1.80751E-06	0.999998	0.999996		0.034396498	0.965603502
207	1.76884E-06	0.999998	0.999996		0.352753392	0.647246608
208	0.00130871	0.998691	0.997092		0.736574746	0.263425254
209	0.000542479	0.999458	0.998795		0.05648267	0.94351733
210	0.000598169	0.999402	0.998671		0.710884354	0.289115646
211	1.80793E-06	0.999998	0.999996		0.036594291	0.963405709
212	1.79731E-06	0.999998	0.999996		0.194366197	0.805633803
213	1.82257E-06	0.999998	0.999996		0.246746486	0.753253514
214	1.10224E-05	0.999989	0.999976		0.328949823	0.671050177
215	2.1137E-06	0.999998	0.999995		0.161899622	0.838100378
216	0.00019667	0.999803	0.999563		0.225431358	0.774568642
217	1.99796E-06	0.999998	0.999995		0.110037175	0.889962825
218	0.000110329	0.99989	0.999755		0	1
219	0.0181419	0.981858	0.959685		1	0
220	0.000390556	0.999609	0.999132		0.209386282	0.790613718
221	1.86097E-06	0.999998	0.999996		0.58783008	0.41216992
222	0.0201126	0.979887	0.955305		0	1
223	2.84679E-05	0.999972	0.999937		0.393117831	0.606882169
224	1.99274E-06	0.999998	0.999996		0.230256898	0.769743102
225	0.00977611	0.990224	0.978275		0.743215031	0.256784969
226	0.537433	0.462567	0.251347		0.847826087	0.152173913
227	1.77912E-06	0.999998	0.999996		0.518529769	0.481470231
228	9.23258E-06	0.999991	0.99998		0.409302326	0.590697674
229	1.85255E-06	0.999998	0.999996		0.089552239	0.910447761
230	2.3207E-06	0.999998	0.999995		0.158050222	0.841949778
231	4.83477E-06	0.999995	0.999989		0.372902338	0.627097662
232	3.78905E-06	0.999996	0.999992		0.030261348	0.969738652
233	0.000153713	0.999846	0.999658		0.764425622	0.235574378
234	2.21426E-06	0.999998	0.999995		0.285570131	0.714429869
235	1.91568E-06	0.999998	0.999996		0.097727273	0.902272727
236	9.07935E-06	0.999991	0.99998		0.514960156	0.485039844
237	1.96536E-06	0.999998	0.999996		0.582757031	0.417242969
238	0.000941867	0.999058	0.997907		0.568356375	0.431643625
239	0	0	0		0.49549122	0.50450878
240	2.36731E-06	0.999998	0.999995		0.544047348	0.455952652
241	2.21148E-06	0.999998	0.999995		0.312530237	0.687469763
242	2.39355E-06	0.999998	0.999995		0.32573796	0.67426204
243	3.77371E-06	0.999996	0.999992		0.151459854	0.848540146
244	0.262019	0.737981	0.417735		0.302900107	0.697099893
245	1.76259E-06	0.999998	0.999996		0.03892493	0.96107507
246	1.91991E-06	0.999998	0.999996		0.218116806	0.781883194
247	0.000189528	0.99981	0.999579		0.193548387	0.806451613
248	3.99574E-05	0.99996	0.999911		0.472934473	0.527065527
249	1.78217E-06	0.999998	0.999996		0.315944882	0.684055118
250	0.000108994	0.999891	0.999758		0.292860391	0.707139609
251	1.83875E-06	0.999998	0.999996		0.199744735	0.800255265
252	9.53348E-06	0.99999	0.999979		0.394650399	0.605349601
253	3.86811E-06	0.999996	0.999992		0.081031308	0.918968692
254	0.0187517	0.981248	0.958329		0.394736842	0.605263158
255	0.0024657	0.997534	0.994521		0.802588997	0.197411003
256	1.83019E-06	0.999998	0.999996		0.083022885	0.916977115
257	0.000925848	0.999074	0.997942		0	1
258	0.000297693	0.999702	0.999339		0.350418926	0.649581074
259	0.847341	0.152659	0.660757		0.292397661	0.707602339
260	3.79379E-06	0.999996	0.999992		0.262520194	0.737479806
261	1.89466E-06	0.999998	0.999996		0	1
262	1.77253E-06	0.999998	0.999996		0.421875	0.578125
263	0.000485897	0.999514	0.99892		1	0
264	0.000001779	0.999998	0.999996		0.495764421	0.504235579
265	1.90584E-06	0.999998	0.999996		0.194444444	0.805555556
266	0.0518718	0.948128	0.884729		0.252918288	0.747081712
267	5.11792E-06	0.999995	0.999989		1	0
268	2.88198E-06	0.999997	0.999994		0.410523354	0.589476646
269	1.78729E-06	0.999998	0.999996		0.17866005	0.82133995
270	0.179383	0.820617	0.601372		0.896121884	0.103878116
271	1.86526E-06	0.999998	0.999996		0	1
272	1.83064E-06	0.999998	0.999996		0.023746702	0.976253298
273	1.87601E-06	0.999998	0.999996		0	1
274	1.77257E-06	0.999998	0.999996		0.40464666	0.59535334
275	3.21494E-06	0.999997	0.999993		0.306434962	0.693565038
276	0.000255246	0.999745	0.999433		0	1
277	1.87523E-06	0.999998	0.999996		0.827763496	0.172236504
278	0.000307294	0.999693	0.999317		0.364643667	0.635356333
279	0.00019926	0.999801	0.999557		0.729642742	0.270357258
280	1.81866E-06	0.999998	0.999996		0.341727877	0.658272123
281	1.95274E-06	0.999998	0.999996		0.302640971	0.697359029
282	1.78282E-06	0.999998	0.999996		0	1
283	2.99463E-05	0.99997	0.999933		0.078014184	0.921985816
284	0.0799117	0.920088	0.822418		0.5	0.5
285	4.33183E-05	0.999957	0.999904		0	1
286	1.99479E-06	0.999998	0.999995		0.204136691	0.795863309
287	0.000605459	0.999395	0.998655		0.651102941	0.348897059
288	0.150744	0.849256	0.665012		0.541122214	0.458877786
289	1.75913E-06	0.999998	0.999996		0.026878436	0.973121564
290	2.20188E-06	0.999998	0.999995		0.282139776	0.717860224
291	3.91528E-05	0.999961	0.999913		0.45720524	0.54279476
292	0.000260462	0.99974	0.999421		0.481594424	0.518405576
293	0.54808	0.45192	0.0383949		0.864321608	0.135678392
294	4.04982E-06	0.999996	0.999991		0	1
295	0.00038304	0.999617	0.999149		0	1
296	0.000015416	0.999985	0.999966		0.366666667	0.633333333
297	2.16551E-06	0.999998	0.999995		0.381434941	0.618565059
298	0.000001831	0.999998	0.999996		0.537115141	0.462884859
299	0.000386101	0.999614	0.999142		0	1
300	2.97728E-06	0.999997	0.999993		0.181560284	0.818439716
301	0.000297512	0.999703	0.999339		0	1
302	0.00806573	0.991934	0.982076		0.431312356	0.568687644
303	0.00424629	0.995754	0.990564		0.460712543	0.539287457
304	7.73409E-05	0.999923	0.999828		0	1
305	1.8315E-06	0.999998	0.999996		0.031746032	0.968253968
306	0.000404288	0.999596	0.999102		0.816037736	0.183962264
307	0.00105706	0.998943	0.997651		0.799839228	0.200160772
308	1.78135E-06	0.999998	0.999996		0	1
309	1.83647E-06	0.999998	0.999996		0.059303188	0.940696812
310	3.21151E-06	0.999997	0.999993		0.54619271	0.45380729
311	1.50321E-05	0.999985	0.999967		0.19	0.81
312	2.45069E-06	0.999997	0.999994		0.324096386	0.675903614
313	0.044736	0.955264	0.900587		0.625	0.375
314	5.22415E-06	0.999995	0.999988		0.200060533	0.799939467
315	1.84558E-06	0.999998	0.999996		0.176614481	0.823385519
316	0.000805666	0.999194	0.99821		0.448948949	0.551051051
317	2.03434E-06	0.999998	0.999995		0.429116069	0.570883931
318	0.000151894	0.999848	0.999662		0.220125786	0.779874214
319	2.0285E-06	0.999998	0.999995		0.086787565	0.913212435
320	0.00104967	0.99895	0.997667		0	1
321	0.000274859	0.999725	0.999389		0.279069767	0.720930233
322	0.000210138	0.99979	0.999533		0.137566138	0.862433862
323	0.000196543	0.999803	0.999563		0.446721311	0.553278689
324	0.000001839	0.999998	0.999996		0.411099692	0.588900308
325	1.7957E-06	0.999998	0.999996		0.226391495	0.773608505
326	1.94116E-06	0.999998	0.999996		0.152344626	0.847655374
327	1.77367E-06	0.999998	0.999996		0.539956803	0.460043197
328	9.68594E-05	0.999903	0.999785		0.317460317	0.682539683
329	0.000138041	0.999862	0.999693		0.643965191	0.356034809
330	1.04043E-05	0.99999	0.999977		0.672755084	0.327244916
331	5.06396E-06	0.999995	0.999989		0.753416226	0.246583774
332	0.000340638	0.999659	0.999243		0.921985816	0.078014184
333	0.00006287	0.999937	0.99986		0	1
334	2.91266E-06	0.999997	0.999994		0.397469297	0.602530703
335	1.75085E-06	0.999998	0.999996		0.433903577	0.566096423
336	0.000253997	0.999746	0.999435		0.495080927	0.504919073
337	0.00245312	0.997547	0.994549		0.749672346	0.250327654
338	0.000072656	0.999927	0.999839		0.352209945	0.647790055
339	9.14873E-06	0.999991	0.99998		0.207692308	0.792307692
340	0.000596899	0.999403	0.998674		0.391411043	0.608588957
341	1.78392E-06	0.999998	0.999996		0.050724638	0.949275362
342	0	0	0		0.5895831	0.4104169
343	2.64689E-06	0.999997	0.999994		0.260545906	0.739454094
344	1.75575E-06	0.999998	0.999996		0.362801378	0.637198622
345	1.91124E-06	0.999998	0.999996		0.537383178	0.462616822
346	0.000495834	0.999504	0.998898		0.670146138	0.329853862
347	9.31425E-06	0.999991	0.999979		0.617775354	0.382224646
348	0.000247915	0.999752	0.999449		0.543464665	0.456535335
349	1.73957E-05	0.999983	0.999961		0.517786561	0.482213439
350	6.09094E-06	0.999994	0.999986		0.559479554	0.440520446
351	0.000334559	0.999665	0.999257		0	1
352	0.000579177	0.999421	0.998713		0.537943031	0.462056969
353	2.26497E-06	0.999998	0.999995		0.479918658	0.520081342
354	1.76436E-06	0.999998	0.999996		0.196509373	0.803490627
355	0.894355	0.105645	0.765234		0	1
356	0.000271078	0.999729	0.999398		0.370154231	0.629845769
357	1.77508E-06	0.999998	0.999996		0.369536424	0.630463576
358	2.98856E-06	0.999997	0.999993		0.785111282	0.214888718
359	2.43918E-05	0.999976	0.999946		0.221894944	0.778105056
360	2.12132E-06	0.999998	0.999995		0.286935287	0.713064713
361	1.8368E-06	0.999998	0.999996		0.045929019	0.954070981
362	0.0108995	0.989101	0.975779		0.372238586	0.627761414
363	1.00316E-05	0.99999	0.999978		0.276705882	0.723294118
364	1.82009E-06	0.999998	0.999996		0.152825051	0.847174949
365	3.34331E-06	0.999997	0.999993		0.112421929	0.887578071
366	1.95214E-06	0.999998	0.999996		0.200492341	0.799507659
367	1.78201E-06	0.999998	0.999996		0.379170293	0.620829707
368	8.62924E-06	0.999991	0.999981		0.462246777	0.537753223
369	0.279181	0.720819	0.379598		0.848739496	0.151260504
370	0.0167237	0.983276	0.962836		0.666666667	0.333333333
371	2.51192E-06	0.999997	0.999994		0.432900433	0.567099567
372	2.77628E-06	0.999997	0.999994		0.417104802	0.582895198
373	0.889155	0.110845	0.753678		1	0
374	2.15247E-06	0.999998	0.999995		0.152542373	0.847457627
375	0.000012964	0.999987	0.999971		0.040036397	0.959963603
376	1.79457E-06	0.999998	0.999996		0.034651049	0.965348951
377	9.54395E-06	0.99999	0.999979		0.103084416	0.896915584
378	2.30601E-05	0.999977	0.999949		0.100671141	0.899328859
379	0.000109371	0.999891	0.999757		0	1
380	2.30066E-06	0.999998	0.999995		0.470540098	0.529459902
381	4.94794E-06	0.999995	0.999989		0.804038893	0.195961107
382	1.86299E-06	0.999998	0.999996		0.165137615	0.834862385
383	0.000377988	0.999622	0.99916		0.945945946	0.054054054
384	2.14146E-06	0.999998	0.999995		0.436313428	0.563686572
385	1.78218E-06	0.999998	0.999996		0.113127001	0.886872999
386	8.39102E-05	0.999916	0.999813		0.301495972	0.698504028
387	6.81418E-05	0.999932	0.999849		0.366568915	0.633431085
388	4.58283E-06	0.999995	0.99999		0.292245093	0.707754907
389	2.92626E-06	0.999997	0.999994		0.312773109	0.687226891
390	7.25471E-05	0.999927	0.999839		0.392508143	0.607491857
391	1.86028E-06	0.999998	0.999996		0	1
392	2.4207E-06	0.999998	0.999995		0.16947687	0.83052313
393	2.13993E-06	0.999998	0.999995		0.306593868	0.693406132
394	2.07341E-06	0.999998	0.999995		0.451837769	0.548162231
395	1.76171E-06	0.999998	0.999996		0.367063492	0.632936508
396	1.19155E-05	0.999988	0.999974		0.203703704	0.796296296
397	0.000976683	0.999023	0.997829		0.540229885	0.459770115
398	1.82615E-06	0.999998	0.999996		0.202702703	0.797297297
399	0.000218078	0.999782	0.999515		0	1
400	1.71972E-05	0.999983	0.999962		0.119266055	0.880733945
401	1.93519E-06	0.999998	0.999996		0.057180271	0.942819729
402	2.88362E-06	0.999997	0.999994		0.508102086	0.491897914
403	0	0	0		0.311091582	0.688908418
404	3.10743E-05	0.999969	0.999931		0.495800177	0.504199823
405	0.0587907	0.941209	0.869354		0.089918256	0.910081744
406	0.736881	0.263119	0.415291		1	0
407	0.00758369	0.992416	0.983147		0.228769497	0.771230503
408	1.80305E-06	0.999998	0.999996		0.128676471	0.871323529
409	0.000239586	0.99976	0.999468		0.408050641	0.591949359
410	0.000139055	0.999861	0.999691		0.056706652	0.943293348
411	3.8753E-06	0.999996	0.999991		0.343049327	0.656950673
412	1.77348E-06	0.999998	0.999996		0.060788863	0.939211137
413	0.379457	0.620543	0.156762		0.539473684	0.460526316
414	0.000073135	0.999927	0.999837		0.613955119	0.386044881
415	0.980481	0.0195194	0.956624		0.740545295	0.259454705
416	1.93307E-06	0.999998	0.999996		0.331369661	0.668630339
417	2.07023E-05	0.999979	0.999954		0	1
418	1.78509E-06	0.999998	0.999996		0.333800842	0.666199158
419	1.82137E-06	0.999998	0.999996		0.234116623	0.765883377
420	2.10871E-06	0.999998	0.999995		0.403428751	0.596571249
421	7.74714E-06	0.999992	0.999983		0.480457005	0.519542995
422	1.81386E-06	0.999998	0.999996		0.590747331	0.409252669
423	1.87142E-06	0.999998	0.999996		0	1
424	3.59876E-05	0.999964	0.99992		0.507306889	0.492693111
425	2.12885E-05	0.999979	0.999953		0.572997153	0.427002847
426	0.00374757	0.996252	0.991672		0.819954128	0.180045872
427	0.000387852	0.999612	0.999138		0.15503876	0.84496124
428	1.80342E-06	0.999998	0.999996		0.283018868	0.716981132
429	0.000057178	0.999943	0.999873		0.381314331	0.618685669
430	1.76478E-06	0.999998	0.999996		0.543197279	0.456802721
431	0.0488023	0.951198	0.891551		0.4	0.6
432	0.000168652	0.999831	0.999625		0.290853032	0.709146968
433	2.27819E-06	0.999998	0.999995		0.29246426	0.70753574
434	0.975109	0.0248913	0.944686		0.458483755	0.541516245
435	1.98235E-06	0.999998	0.999996		0.329369012	0.670630988
436	1.38679E-05	0.999986	0.999969		0.273842722	0.726157278
437	7.11702E-06	0.999993	0.999984		0.376124775	0.623875225
438	0.000241359	0.999759	0.999464		0.272672673	0.727327327
439	8.09006E-06	0.999992	0.999982		0.464065708	0.535934292
440	1.77372E-06	0.999998	0.999996		0.120428752	0.879571248
441	1.06664E-05	0.999989	0.999976		0.256510881	0.743489119
442	0.000126422	0.999874	0.999719		0.194472876	0.805527124
443	7.95363E-05	0.99992	0.999823		0.642728905	0.357271095
444	1.79332E-06	0.999998	0.999996		0.219745223	0.780254777
445	0.490248	0.509752	0.804965		0.661870504	0.338129496
446	0.00719988	0.9928	0.984		0.421621622	0.578378378
447	0.000159955	0.99984	0.999645		0.490521327	0.509478673
448	0.00930165	0.990698	0.97933		0.771428571	0.228571429
449	0.000351434	0.999649	0.999219		0.585003537	0.414996463
450	0.00273625	0.997264	0.99392		0.286526245	0.713473755
451	0.000015829	0.999984	0.999965		0.627137341	0.372862659
452	1.81845E-06	0.999998	0.999996		0.364963504	0.635036496
453	0.14012	0.85988	0.688623		0.761904762	0.238095238
454	3.20904E-05	0.999968	0.999929		0	1
455	1.32573E-05	0.999987	0.99997		0.473102061	0.526897939
456	6.61633E-05	0.999934	0.999853		0	1
457	0.000245385	0.999755	0.999455		0	1
458	1.80586E-06	0.999998	0.999996		0.386885246	0.613114754
459	1.77458E-06	0.999998	0.999996		0.16655496	0.83344504
460	2.29903E-06	0.999998	0.999995		0.052194543	0.947805457
461	1.79277E-06	0.999998	0.999996		0.352017937	0.647982063
462	2.00729E-06	0.999998	0.999995		0.371522095	0.628477905
463	1.78729E-06	0.999998	0.999996		0.300699301	0.699300699
464	0.000103628	0.999896	0.99977		0.307735426	0.692264574
465	0	0	0		0.191007095	0.808992905
466	2.14424E-06	0.999998	0.999995		0.370901639	0.629098361
467	0.0512402	0.94876	0.886133		1	0
468	2.19078E-06	0.999998	0.999995		0.165653495	0.834346505
469	0.000220078	0.99978	0.999511		0	1
470	1.77204E-06	0.999998	0.999996		0.157549234	0.842450766
471	0.0415724	0.958428	0.907617		0.808823529	0.191176471
472	0.0307482	0.969252	0.931671		0.267529666	0.732470334
473	0.167814	0.832186	0.627079		0.266666667	0.733333333
474	0.000650907	0.999349	0.998553		0.022535211	0.977464789
475	1.77842E-06	0.999998	0.999996		0.091257179	0.908742821
476	2.05008E-06	0.999998	0.999995		0.046783626	0.953216374
477	1.93485E-06	0.999998	0.999996		0.179841897	0.820158103
478	0.000772999	0.999227	0.998282		0.646799117	0.353200883
479	6.96821E-06	0.999993	0.999985		0.192265596	0.807734404
480	0.000157345	0.999843	0.99965		0	1
481	0.821033	0.178967	0.602295		0.626304802	0.373695198
482	0.247448	0.752552	0.450116		0.539641944	0.460358056
483	5.09707E-06	0.999995	0.999989		0.269776323	0.730223677
484	2.57131E-06	0.999997	0.999994		0.621041879	0.378958121
485	0.000176416	0.999824	0.999608		0.739336493	0.260663507
486	2.01881E-06	0.999998	0.999995		0.082644628	0.917355372
487	0.00663311	0.993367	0.98526		0.506578947	0.493421053
488	0.000246833	0.999753	0.999452		0.462827225	0.537172775
489	6.72605E-05	0.999933	0.999851		0.8	0.2
490	0.000159693	0.99984	0.999645		0.401750973	0.598249027
491	2.93703E-06	0.999997	0.999994		0.273359841	0.726640159
492	0.867107	0.132893	0.704683		0.79757085	0.20242915
493	4.91099E-06	0.999995	0.999989		0.428109453	0.571890547
494	0.000145679	0.999854	0.999676		0.41065408	0.58934592
495	3.05295E-06	0.999997	0.999993		0.298171589	0.701828411
496	1.81721E-05	0.999982	0.99996		0.857142857	0.142857143
497	0.000497249	0.999503	0.998895		0	1
498	1.84467E-06	0.999998	0.999996		0.48136646	0.51863354
499	0.00060313	0.999397	0.99866		0.499036609	0.500963391
500	0.0248536	0.975146	0.94477		0.216346154	0.783653846
501	1.44755E-05	0.999985	0.999968		0.205405405	0.794594595
502	2.80838E-05	0.999972	0.999938		0.130788486	0.869211514
503	2.39764E-06	0.999998	0.999995		0.078405018	0.921594982
504	2.02221E-06	0.999998	0.999995		0	1
505	1.97522E-06	0.999998	0.999996		0.746059545	0.253940455
506	0	0	0		0.520729325	0.479270675
507	1.02886E-05	0.99999	0.999977		0.159159159	0.840840841
508	1.81396E-06	0.999998	0.999996		0.780031201	0.219968799
509	2.30946E-06	0.999998	0.999995		0.434486516	0.565513484
510	2.48425E-06	0.999997	0.999994		0.321148825	0.678851175
511	1.86926E-06	0.999998	0.999996		0.072325328	0.927674672
512	0.000191053	0.999809	0.999575		0.423076923	0.576923077
513	5.24119E-05	0.999948	0.999883		0.148574894	0.851425106
514	0.000159949	0.99984	0.999645		0.2734375	0.7265625
515	0.000035909	0.999964	0.99992		0	1
516	6.38635E-06	0.999994	0.999986		0.266537718	0.733462282
517	0.000001792	0.999998	0.999996		0.257703081	0.742296919
518	2.09793E-06	0.999998	0.999995		0.208955224	0.791044776
519	1.8683E-06	0.999998	0.999996		0.159636946	0.840363054
520	0.0249376	0.975062	0.944583		0	1
521	6.53784E-06	0.999993	0.999985		0.143369176	0.856630824
522	0.000322571	0.999677	0.999283		0.400453772	0.599546228
523	1.8894E-06	0.999998	0.999996		0.242133333	0.757866667
524	1.79945E-06	0.999998	0.999996		0.101479915	0.898520085
525	2.03433E-06	0.999998	0.999995		0.32173913	0.67826087
526	0.967129	0.0328713	0.926953		1	0
527	3.81086E-05	0.999962	0.999915		0.0625	0.9375
528	1.7605E-06	0.999998	0.999996		0.119915478	0.880084522
529	0.38402	0.615979	0.146621		1	0
530	1.80164E-06	0.999998	0.999996		0.251293847	0.748706153
531	0.0108672	0.989133	0.975851		0.360757049	0.639242951
532	1.80046E-06	0.999998	0.999996		0.258202568	0.741797432
533	4.17713E-05	0.999958	0.999907		0.217669654	0.782330346
534	3.79581E-06	0.999996	0.999992		0.30013459	0.69986541
535	8.83212E-05	0.999912	0.999804		0.327633756	0.672366244
536	0.00913341	0.990867	0.979704		0	1
537	1.65328E-05	0.999983	0.999963		0.194444444	0.805555556
538	4.20528E-06	0.999996	0.999991		0.444192377	0.555807623
539	0.00026617	0.999734	0.999408		0.442418853	0.557581147
540	2.38893E-06	0.999998	0.999995		0.064516129	0.935483871
541	1.88784E-06	0.999998	0.999996		0	1
542	1.94327E-05	0.999981	0.999957		0.293353323	0.706646677
543	1.80459E-06	0.999998	0.999996		0	1
544	5.49109E-05	0.999945	0.999878		0.0653789	0.9346211
545	1.8707E-06	0.999998	0.999996		0.436989498	0.563010502
546	1.78646E-06	0.999998	0.999996		0.328205128	0.671794872
547	2.9216E-06	0.999997	0.999994		0.474908759	0.525091241
548	0.0032386	0.996761	0.992803		0.452488688	0.547511312
549	0.000064216	0.999936	0.999857		0.469387755	0.530612245
550	6.18571E-05	0.999938	0.999863		0.498048304	0.501951696
551	0.000002642	0.999997	0.999994		0	1
552	6.09439E-05	0.999939	0.999865		0.513138471	0.486861529
553	8.37291E-06	0.999992	0.999981		0.221031138	0.778968862
554	0.000045372	0.999955	0.999899		0.297619048	0.702380952
555	2.28556E-06	0.999998	0.999995		0.421858501	0.578141499
556	2.42369E-06	0.999998	0.999995		0.158102767	0.841897233
557	1.87193E-06	0.999998	0.999996		0.351297405	0.648702595
558	1.76114E-06	0.999998	0.999996		0.220427005	0.779572995
559	1.79481E-06	0.999998	0.999996		0.291647439	0.708352561
560	1.77069E-06	0.999998	0.999996		0.053254438	0.946745562
561	0.0101269	0.989873	0.977496		0.520869377	0.479130623
562	1.98593E-06	0.999998	0.999996		0.426336375	0.573663625
563	0.00201116	0.997989	0.995531		0.532986111	0.467013889
564	0.000390994	0.999609	0.999131		0	1
565	6.33174E-05	0.999937	0.999859		0.268430182	0.731569818
566	1.99077E-05	0.99998	0.999956		0.228613569	0.771386431
567	0.0225415	0.977458	0.949908		0.166666667	0.833333333
568	1.87657E-06	0.999998	0.999996		0.154093098	0.845906902
569	1.79568E-06	0.999998	0.999996		0.143728223	0.856271777
570	2.76246E-06	0.999997	0.999994		0.222981632	0.777018368
571	2.44307E-06	0.999998	0.999995		0.524630542	0.475369458
572	0.00163	0.99837	0.996378		0.592941176	0.407058824
573	4.94319E-06	0.999995	0.999989		0.385277995	0.614722005
574	2.19435E-06	0.999998	0.999995		0.325329912	0.674670088
575	1.34645E-05	0.999986	0.99997		0.117302053	0.882697947
576	9.1917E-06	0.999991	0.99998		0.325997249	0.674002751
577	1.77621E-06	0.999998	0.999996		0.481988838	0.518011162
578	0.000102871	0.999897	0.999771		1	0
579	2.00559E-06	0.999998	0.999995		0.23929471	0.76070529
580	0.000284414	0.999716	0.999368		0	1
581	2.78705E-05	0.999972	0.999938		0.125714286	0.874285714
582	3.50686E-06	0.999996	0.999992		0	1
583	1.7947E-06	0.999998	0.999996		0.190615836	0.809384164
584	1.84521E-06	0.999998	0.999996		0.147982063	0.852017937
585	1.80533E-06	0.999998	0.999996		0.258728738	0.741271262
586	0.00449942	0.995501	0.990001		0.240924092	0.759075908
587	6.49274E-05	0.999935	0.999856		0.186104218	0.813895782
588	0.000255502	0.999745	0.999432		0.204869359	0.795130641
589	0.000541705	0.999458	0.998796		0.408450704	0.591549296
590	1.87899E-06	0.999998	0.999996		0.131274131	0.868725869
591	0.9449	0.0551004	0.877555		0.669811321	0.330188679
592	2.78577E-05	0.999972	0.999938		0.02349486	0.97650514
593	0.000219339	0.999781	0.999513		0.338487973	0.661512027
594	1.77127E-06	0.999998	0.999996		0.112566517	0.887433483
595	1.77732E-06	0.999998	0.999996		0	1
596	0.000103936	0.999896	0.999769		0.257792208	0.742207792
597	6.66462E-06	0.999993	0.999985		0.433599249	0.566400751
598	0.0353258	0.964674	0.921498		0.728285934	0.271714066
599	1.79421E-06	0.999998	0.999996		0.62235737	0.37764263
600	0.00246049	0.99754	0.994532		0.619047619	0.380952381
601	1.75251E-06	0.999998	0.999996		0.095744681	0.904255319
602	2.3031E-06	0.999998	0.999995		0.192037471	0.807962529
603	0.0098237	0.990176	0.97817		0.772727273	0.227272727
604	1.94157E-06	0.999998	0.999996		0.41509434	0.58490566
605	0.000302837	0.999697	0.999327		0.159663866	0.840336134
606	1.62194E-05	0.999984	0.999964		0.438235294	0.561764706
607	0.90118	0.0988196	0.780401		0	1
608	2.63216E-05	0.999974	0.999941		0	1
609	3.21927E-06	0.999997	0.999993		0.482285032	0.517714968
610	1.75437E-06	0.999998	0.999996		0.26301998	0.73698002
611	0.000101327	0.999899	0.999775		0.485570188	0.514429812
612	2.67325E-06	0.999997	0.999994		0.01628468	0.98371532
613	0.0388314	0.961169	0.913708		0.655172414	0.344827586
614	1.81792E-06	0.999998	0.999996		0	1
615	2.89505E-06	0.999997	0.999994		0.791814947	0.208185053
616	1.81609E-06	0.999998	0.999996		0	1
617	1.87639E-06	0.999998	0.999996		0.487632509	0.512367491
618	0.000239906	0.99976	0.999467		0.572829132	0.427170868
619	0.000697768	0.999302	0.998449		0.18913676	0.81086324
620	0.000165894	0.999834	0.999632		0.272441652	0.727558348
621	1.91242E-06	0.999998	0.999996		0.427385892	0.572614108
622	0.00056261	0.999437	0.99875		0.784473836	0.215526164
623	0.000900849	0.999099	0.997998		0.37891624	0.62108376
624	0.000231591	0.999768	0.999485		0.370096791	0.629903209
625	2.96383E-06	0.999997	0.999993		0.292887029	0.707112971
626	1.84043E-06	0.999998	0.999996		0.081807082	0.918192918
627	0.000431629	0.999568	0.999041		0.223245109	0.776754891
628	2.49494E-05	0.999975	0.999945		0.391225416	0.608774584
629	1.8232E-06	0.999998	0.999996		0.217896866	0.782103134
630	2.57868E-06	0.999997	0.999994		0.376070328	0.623929672
631	0.000240349	0.99976	0.999466		0.546758462	0.453241538
632	0.000597538	0.999402	0.998672		0	1
633	9.13607E-06	0.999991	0.99998		0.049773756	0.950226244
634	3.02401E-05	0.99997	0.999933		0.959028832	0.040971168
635	0.00150574	0.998494	0.996654		0.354651163	0.645348837
636	3.82793E-05	0.999962	0.999915		0	1
637	2.10158E-06	0.999998	0.999995		0.42701049	0.57298951
638	2.89624E-05	0.999971	0.999936		0.417592887	0.582407113
639	1.77888E-06	0.999998	0.999996		0.534594326	0.465405674
640	0.000245297	0.999755	0.999455		0	1
641	2.37054E-06	0.999998	0.999995		0.218127115	0.781872885
642	0.000206074	0.999794	0.999542		0.367127496	0.632872504
643	1.74892E-06	0.999998	0.999996		0.140428677	0.859571323
644	1.88895E-06	0.999998	0.999996		0.433148734	0.566851266
645	0.000264932	0.999735	0.999411		0.0625	0.9375
646	2.24435E-06	0.999998	0.999995		0.407166124	0.592833876
647	0.000317348	0.999683	0.999295		0.076655052	0.923344948
648	0.000183696	0.999816	0.999592		0.511494253	0.488505747
649	2.02994E-06	0.999998	0.999995		0.163974547	0.836025453
650	4.17044E-05	0.999958	0.999907		0.70154185	0.29845815
651	1.78693E-06	0.999998	0.999996		0.162827225	0.837172775
652	2.09304E-06	0.999998	0.999995		0.521512386	0.478487614
653	1.93301E-06	0.999998	0.999996		0.084353033	0.915646967
654	1.83229E-06	0.999998	0.999996		0.240384615	0.759615385
655	0.0062644	0.993736	0.986079		0	1
656	1.75234E-06	0.999998	0.999996		0.061676083	0.938323917
657	0.00374418	0.996256	0.99168		0.32611276	0.67388724
658	3.68631E-06	0.999996	0.999992		0.028929605	0.971070395
659	0.00907699	0.990923	0.979829		0.4375	0.5625
660	0.618018	0.381982	0.151152		0.825216204	0.174783796
661	6.42883E-06	0.999994	0.999986		0.444790047	0.555209953
662	0.000190794	0.999809	0.999576		0	1
663	0.000137591	0.999862	0.999694		0	1
664	0.000705407	0.999295	0.998433		0.882151422	0.117848578
665	0.000185363	0.999815	0.999588		0.203045685	0.796954315
666	0.0333094	0.966691	0.925979		0.533435819	0.466564181
667	1.77673E-06	0.999998	0.999996		0.080862534	0.919137466
668	3.14434E-05	0.999969	0.99993		0.212539851	0.787460149
669	2.0805E-06	0.999998	0.999995		0.100647733	0.899352267
670	4.94721E-06	0.999995	0.999989		0.119549241	0.880450759
671	1.93534E-06	0.999998	0.999996		0.384376387	0.615623613
672	8.35192E-06	0.999992	0.999981		0.933288859	0.066711141
673	0.156427	0.843573	0.652384		0.589041096	0.410958904
674	0.00356252	0.996437	0.992083		0.790277778	0.209722222
675	2.20591E-06	0.999998	0.999995		0.125553914	0.874446086
676	3.30033E-05	0.999967	0.999927		0.355915066	0.644084934
677	5.68123E-06	0.999994	0.999987		0.43022508	0.56977492
678	2.12484E-06	0.999998	0.999995		0.515143393	0.484856607
679	0.00416521	0.995835	0.990744		0.382163406	0.617836594
680	0.00295295	0.997047	0.993438		0.811108507	0.188891493
681	6.38442E-05	0.999936	0.999858		0.481034157	0.518965843
682	1.86854E-06	0.999998	0.999996		0.23238255	0.76761745
683	2.19101E-06	0.999998	0.999995		0.287439614	0.712560386
684	5.48824E-05	0.999945	0.999878		0.280524723	0.719475277
685	1.69677E-05	0.999983	0.999962		0.435751424	0.564248576
686	5.46337E-06	0.999995	0.999988		0.244989634	0.755010366
687	0.000807476	0.999193	0.998206		0.436938863	0.563061137
688	0.000122368	0.999878	0.999728		0.345591143	0.654408857
689	9.28768E-05	0.999907	0.999794		0.46875	0.53125
690	0.00040716	0.999593	0.999095		0.420600858	0.579399142
691	0.00662313	0.993377	0.985282		0.819996616	0.180003384
692	0.000025506	0.999974	0.999943		0.476694915	0.523305085
693	0.000305108	0.999695	0.999322		0.106382979	0.893617021
694	0.00153947	0.998461	0.996579		0.114583333	0.885416667
695	1.76651E-06	0.999998	0.999996		0.177616674	0.822383326
696	0.397385	0.602615	0.116923		1	0
697	8.62056E-05	0.999914	0.999808		0.464788732	0.535211268
698	2.31011E-06	0.999998	0.999995		0.406720336	0.593279664
699	0.000109206	0.999891	0.999757		0.586797066	0.413202934
700	0.00075985	0.99924	0.998311		0.757201646	0.242798354
701	0.000157061	0.999843	0.999651		0.14266118	0.85733882
702	0.00478508	0.995215	0.989366		0.528003247	0.471996753
703	0.000181149	0.999819	0.999597		0.505923732	0.494076268
704	1.82853E-06	0.999998	0.999996		0.2	0.8
705	0.00448268	0.995517	0.990038		0.625717566	0.374282434
706	0.000551049	0.999449	0.998776		0.328449328	0.671550672
707	2.07085E-06	0.999998	0.999995		0.245412844	0.754587156
708	0.000543174	0.999457	0.998793		0.404676259	0.595323741
709	1.92494E-06	0.999998	0.999996		0.02640264	0.97359736
710	4.89354E-05	0.999951	0.999891		0.26876434	0.73123566
711	0.00155921	0.998441	0.996535		0.54301676	0.45698324
712	1.94998E-06	0.999998	0.999996		0.182701652	0.817298348
713	0.0338475	0.966152	0.924783		0.769313305	0.230686695
714	1.95937E-06	0.999998	0.999996		0.153418803	0.846581197
715	1.91181E-06	0.999998	0.999996		0.256360078	0.743639922
716	2.09764E-06	0.999998	0.999995		0	1
717	1.80854E-06	0.999998	0.999996		0.286956522	0.713043478
718	0.454094	0.545906	0.0818783		0.637377964	0.362622036
719	0.32185	0.67815	0.284778		0	1
720	2.66754E-06	0.999997	0.999994		0.440506329	0.559493671
721	6.23155E-06	0.999994	0.999986		0.772420444	0.227579556
722	2.1191E-06	0.999998	0.999995		0.159786951	0.840213049
723	1.78359E-06	0.999998	0.999996		0.251572327	0.748427673
724	0.000518319	0.999482	0.998848		0.481358529	0.518641471
725	1.84544E-06	0.999998	0.999996		0.497603068	0.502396932
726	1.82003E-06	0.999998	0.999996		0.390753169	0.609246831
727	0.000189659	0.99981	0.999578		0.544747082	0.455252918
728	0.0115242	0.988476	0.974391		0.548069022	0.451930978
729	1.14482E-05	0.999989	0.999975		0.140065147	0.859934853
730	0.000264851	0.999735	0.999411		0.650537634	0.349462366
731	0.0192503	0.98075	0.957222		0.334568664	0.665431336
732	0.000123765	0.999876	0.999725		0.177966102	0.822033898
733	1.21912E-05	0.999988	0.999973		0.406619385	0.593380615
734	4.93372E-06	0.999995	0.999989		0.084870849	0.915129151
735	0.0324408	0.967559	0.927909		0.5	0.5
736	0.0023657	0.997634	0.994743		0.294117647	0.705882353
737	1.76909E-06	0.999998	0.999996		0	1
738	2.1517E-06	0.999998	0.999995		0.243774574	0.756225426
739	5.46347E-05	0.999945	0.999879		0.363345765	0.636654235
740	4.09733E-05	0.999959	0.999909		0.446601942	0.553398058
741	2.40221E-06	0.999998	0.999995		0.435131195	0.564868805
742	1.7658E-06	0.999998	0.999996		0.319974555	0.680025445
743	2.75114E-05	0.999972	0.999939		0.22467903	0.77532097
744	2.70976E-06	0.999997	0.999994		0.27480916	0.72519084
745	0.0108052	0.989195	0.975988		0.316176471	0.683823529
746	0.000175917	0.999824	0.999609		0.347644986	0.652355014
747	1.79688E-06	0.999998	0.999996		0.222428174	0.777571826
748	0.000129398	0.999871	0.999712		0.353699178	0.646300822
749	0.00000306	0.999997	0.999993		0	1
750	3.98565E-05	0.99996	0.999911		0.301140886	0.698859114
751	0.000202591	0.999797	0.99955		0.161073826	0.838926174
752	1.36309E-05	0.999986	0.99997		0	1
753	6.59974E-06	0.999993	0.999985		0.165890028	0.834109972
754	1.99767E-06	0.999998	0.999995		0.084865629	0.915134371
755	1.53601E-05	0.999985	0.999966		0.444444444	0.555555556
756	2.46009E-06	0.999997	0.999994		0.143297381	0.856702619
757	2.56822E-06	0.999997	0.999994		0.348892879	0.651107121
758	0.00630118	0.993699	0.985997		0.438493435	0.561506565
759	2.20835E-06	0.999998	0.999995		0.417611336	0.582388664
760	2.87704E-06	0.999997	0.999994		0.105820106	0.894179894
761	0.000165689	0.999834	0.999632		0.517338995	0.482661005
762	2.15958E-06	0.999998	0.999995		0.135829662	0.864170338
763	0.00312447	0.996876	0.993057		0.248366013	0.751633987
764	0.000606151	0.999394	0.998653		0.680473373	0.319526627
765	0.00784302	0.992157	0.982571		0.429429429	0.570570571
766	1.81885E-06	0.999998	0.999996		0.022925764	0.977074236
767	1.94072E-06	0.999998	0.999996		0.305804907	0.694195093
768	8.65117E-06	0.999991	0.999981		0.434985035	0.565014965
769	0.0552021	0.944798	0.877328		0.622720898	0.377279102
770	1.83642E-06	0.999998	0.999996		0.221832749	0.778167251
771	4.51303E-06	0.999995	0.99999		0.172104926	0.827895074
772	2.02549E-05	0.99998	0.999955		0.60502382	0.39497618
773	3.13077E-06	0.999997	0.999993		0.305651672	0.694348328
774	3.13527E-06	0.999997	0.999993		0.509383378	0.490616622
775	1.87297E-06	0.999998	0.999996		0.270788913	0.729211087
776	0.000190334	0.99981	0.999577		0.646271511	0.353728489
777	0.01061	0.98939	0.976422		0	1
778	0	0	0		0.603012093	0.396987907
779	2.49951E-06	0.999997	0.999994		0.193480102	0.806519898
780	0.000100621	0.999899	0.999776		0.267000716	0.732999284
781	2.21987E-05	0.999978	0.999951		0.323308271	0.676691729
782	1.50578E-05	0.999985	0.999967		0.237597911	0.762402089
783	2.27984E-05	0.999977	0.999949		0.53820034	0.46179966
784	1.75784E-06	0.999998	0.999996		0.19649562	0.80350438
785	0.00280468	0.997195	0.993767		0.59085963	0.40914037
786	3.00984E-06	0.999997	0.999993		0.144542773	0.855457227
787	5.15391E-05	0.999949	0.999886		0.471925134	0.528074866
788	1.27566E-05	0.999987	0.999972		0.480605487	0.519394513
789	0	0	0		0.555837563	0.444162437
790	0.208937	0.791063	0.535696		0.807077626	0.192922374
791	2.00108E-06	0.999998	0.999995		0	1
792	0.98602	0.01398	0.968933		0.849858357	0.150141643
793	1.75022E-06	0.999998	0.999996		0.029274784	0.970725216
794	2.40647E-06	0.999998	0.999995		0.359719439	0.640280561
795	0.000437649	0.999562	0.999027		0.464705882	0.535294118
796	2.23057E-06	0.999998	0.999995		0.668780832	0.331219168
797	0.012609	0.987391	0.97198		0.312649165	0.687350835
798	0.000016307	0.999984	0.999964		0.565934066	0.434065934
799	1.93719E-06	0.999998	0.999996		0	1
800	1.78144E-06	0.999998	0.999996		0.238956767	0.761043233
801	1.19048E-05	0.999988	0.999974		0.545343137	0.454656863
802	0.235303	0.764697	0.477104		0.285909713	0.714090287
803	0.0105895	0.989411	0.976468		0.441898527	0.558101473
804	1.69165E-05	0.999983	0.999962		0.027579162	0.972420838
805	2.03544E-06	0.999998	0.999995		0.248466258	0.751533742
806	0.00240774	0.997592	0.994649		0.57565121	0.42434879
807	1.99929E-06	0.999998	0.999995		0.330434783	0.669565217
808	1.35763E-05	0.999986	0.99997		0.745762712	0.254237288
809	1.83956E-06	0.999998	0.999996		0.327301338	0.672698662
810	0.000448815	0.999551	0.999002		0.79245283	0.20754717
811	7.3573E-06	0.999993	0.999984		0.527868852	0.472131148
812	2.32662E-05	0.999977	0.999948		0.089766607	0.910233393
813	0.394801	0.605199	0.122664		0.111683849	0.888316151
814	0.00119506	0.998805	0.997344		0	1
815	2.49236E-05	0.999975	0.999945		0.707664884	0.292335116
816	4.19049E-05	0.999958	0.999907		0	1
817	3.3966E-06	0.999997	0.999992		0.169731259	0.830268741
818	1.76202E-06	0.999998	0.999996		0.440968123	0.559031877
819	0.00162808	0.998372	0.996382		0	1
820	0.00180505	0.998195	0.995989		0.442464613	0.557535387
821	2.26492E-05	0.999977	0.99995		0.524926686	0.475073314
822	0.0302599	0.96974	0.932756		0.39330855	0.60669145
823	1.7666E-06	0.999998	0.999996		0.359528487	0.640471513
824	5.68462E-05	0.999943	0.999874		0.302325581	0.697674419
825	1.9472E-06	0.999998	0.999996		0.401814059	0.598185941
826	0.00321089	0.996789	0.992865		0	1
827	0.000173556	0.999826	0.999614		0	1
828	1.79912E-06	0.999998	0.999996		0.69740634	0.30259366
829	0.00031079	0.999689	0.999309		0.613213213	0.386786787
830	1.97102E-06	0.999998	0.999996		0.214022855	0.785977145
831	1.80615E-06	0.999998	0.999996		0.140695915	0.859304085
832	1.9877E-06	0.999998	0.999996		0.084008529	0.915991471
833	0.000301218	0.999699	0.999331		0	1
834	0.0409724	0.959028	0.90895		0.629032258	0.370967742
835	1.91462E-06	0.999998	0.999996		0.047767394	0.952232606
836	5.71953E-05	0.999943	0.999873		0.460810811	0.539189189
837	1.76262E-06	0.999998	0.999996		0.097522404	0.902477596
838	1.77075E-06	0.999998	0.999996		0.241164241	0.758835759
839	0.0361796	0.96382	0.919601		0.454545455	0.545454545
840	0.000229976	0.99977	0.999489		0.584218197	0.415781803
841	1.80734E-06	0.999998	0.999996		0.292722026	0.707277974
842	2.37712E-06	0.999998	0.999995		0.056133056	0.943866944
843	1.97509E-06	0.999998	0.999996		0.182471264	0.817528736
844	1.81061E-06	0.999998	0.999996		0.173952641	0.826047359
845	1.82748E-06	0.999998	0.999996		0.213921902	0.786078098
846	1.86812E-06	0.999998	0.999996		0.15959596	0.84040404
847	2.67022E-06	0.999997	0.999994		0.403479702	0.596520298
848	7.40766E-06	0.999993	0.999983		0.152219873	0.847780127
849	0.000263592	0.999736	0.999414		0.320493972	0.679506028
850	0.0269516	0.973048	0.940107		0.037300178	0.962699822
851	2.97546E-06	0.999997	0.999993		0.202051282	0.797948718
852	1.92269E-06	0.999998	0.999996		0.055679287	0.944320713
853	3.62944E-06	0.999996	0.999992		0.613114754	0.386885246
854	6.72745E-05	0.999933	0.99985		0.739486416	0.260513584
855	2.3016E-06	0.999998	0.999995		0.704956611	0.295043389
856	0.000352295	0.999648	0.999217		0.559139785	0.440860215
857	1.95092E-05	0.99998	0.999957		0.236997182	0.763002818
858	1.92429E-06	0.999998	0.999996		0.080307263	0.919692737
859	4.20691E-05	0.999958	0.999907		0.380669378	0.619330622
860	2.95396E-05	0.99997	0.999934		0.22795389	0.77204611
861	1.41542E-05	0.999986	0.999968		0.164161392	0.835838608
862	1.75803E-06	0.999998	0.999996		0.183743169	0.816256831
863	2.09475E-06	0.999998	0.999995		0.382407653	0.617592347
864	0.0871305	0.91287	0.806377		0.68220339	0.31779661
865	0.000151589	0.999848	0.999663		0.689643228	0.310356772
866	2.07067E-06	0.999998	0.999995		0.401354402	0.598645598
867	0.000242802	0.999757	0.99946		0.545454545	0.454545455
868	0.00116867	0.998831	0.997403		0.288659794	0.711340206
869	1.82098E-06	0.999998	0.999996		0.100226501	0.899773499
870	2.67841E-06	0.999997	0.999994		0.32295082	0.67704918
871	1.94846E-06	0.999998	0.999996		0.204918033	0.795081967
872	1.77061E-06	0.999998	0.999996		0.4703657	0.5296343
873	1.92485E-06	0.999998	0.999996		0.008975318	0.991024682
874	1.84763E-06	0.999998	0.999996		0.415802646	0.584197354
875	0.881536	0.118464	0.736747		0.690821256	0.309178744
876	2.32894E-06	0.999998	0.999995		0.233536999	0.766463001
877	1.75977E-06	0.999998	0.999996		0.10827825	0.89172175
878	3.20457E-06	0.999997	0.999993		0.105769231	0.894230769
879	0.000356716	0.999643	0.999207		0.568509615	0.431490385
880	1.82781E-06	0.999998	0.999996		0.061788618	0.938211382
881	1.04991E-05	0.99999	0.999977		0.468986384	0.531013616
882	1.87929E-06	0.999998	0.999996		0.486818015	0.513181985
883	1.77701E-06	0.999998	0.999996		0.129420085	0.870579915
884	0.000696792	0.999303	0.998452		0.086522463	0.913477537
885	2.05974E-06	0.999998	0.999995		0.417933131	0.582066869
886	0.000182962	0.999817	0.999593		0.397138965	0.602861035
887	0.000192392	0.999808	0.999572		0.316037736	0.683962264
888	6.94721E-05	0.999931	0.999846		0.017467249	0.982532751
889	0.00475297	0.995247	0.989438		0	1
890	0.0129435	0.987057	0.971237		0.101123596	0.898876404
891	0.146622	0.853378	0.674174		0.838318513	0.161681487
892	2.06565E-06	0.999998	0.999995		0.345412994	0.654587006
893	0.000488291	0.999512	0.998915		0.545454545	0.454545455
894	3.44537E-05	0.999966	0.999924		0.180305132	0.819694868
895	3.72173E-06	0.999996	0.999992		0.404276479	0.595723521
896	9.45592E-06	0.999991	0.999979		0.306211724	0.693788276
897	1.87971E-05	0.999981	0.999958		0.480033278	0.519966722
898	1.78783E-06	0.999998	0.999996		0.256482791	0.743517209
899	1.77155E-06	0.999998	0.999996		0.290322581	0.709677419
900	1.77513E-06	0.999998	0.999996		0.190832554	0.809167446
901	2.43286E-06	0.999998	0.999995		0.259401114	0.740598886
902	2.64921E-06	0.999997	0.999994		0.166769611	0.833230389
903	3.33788E-05	0.999967	0.999926		1	0
904	1.75665E-06	0.999998	0.999996		0.142433234	0.857566766
905	0.000501567	0.999498	0.998885		0.189320388	0.810679612
906	0.000488404	0.999512	0.998915		0.477211796	0.522788204
907	0.000141943	0.999858	0.999685		0.641430948	0.358569052
908	1.55367E-05	0.999984	0.999965		0.557037037	0.442962963
909	0.000203387	0.999797	0.999548		0.450980392	0.549019608
910	4.51996E-06	0.999995	0.99999		0.544568576	0.455431424
911	0.0027656	0.997234	0.993854		0.303782506	0.696217494
912	0.0760309	0.923969	0.831042		0.746511628	0.253488372
913	3.68003E-05	0.999963	0.999918		0.294234592	0.705765408
914	5.6081E-06	0.999994	0.999988		0	1
915	0.0001441	0.999856	0.99968		0	1
916	2.80892E-06	0.999997	0.999994		0.090576395	0.909423605
917	6.23645E-05	0.999938	0.999861		0.058679707	0.941320293
918	0.127966	0.872034	0.715631		0.46544182	0.53455818
919	2.57002E-06	0.999997	0.999994		0.26458037	0.73541963
920	0.00368086	0.996319	0.99182		0.075829384	0.924170616
921	2.90412E-05	0.999971	0.999936		0.06162465	0.93837535
922	1.94682E-06	0.999998	0.999996		0.343424065	0.656575935
923	2.45918E-06	0.999997	0.999994		0.252617359	0.747382641
924	0.000960532	0.999039	0.997865		0.397562268	0.602437732
925	1.69434E-05	0.999983	0.999962		0.088105727	0.911894273
926	0.00416837	0.995832	0.990737		0.059080963	0.940919037
927	0.00015037	0.99985	0.999666		0.599666389	0.400333611
928	0.00605738	0.993943	0.986539		0.595214844	0.404785156
929	0.97962	0.0203804	0.95471		0	0
930	0.000342383	0.999658	0.999239		0.390180879	0.609819121
931	2.50434E-06	0.999997	0.999994		0.157377049	0.842622951
932	0.732678	0.267322	0.405951		0.762215998	0.237784002
933	4.48796E-06	0.999996	0.99999		0.341823056	0.658176944
934	0.00307791	0.996922	0.99316		0.275434243	0.724565757
935	0.000337411	0.999663	0.99925		0.576957295	0.423042705
936	6.30197E-06	0.999994	0.999986		0.296636086	0.703363914
937	2.32056E-06	0.999998	0.999995		0.284649776	0.715350224
938	1.78213E-06	0.999998	0.999996		0.161574314	0.838425686
939	9.55719E-05	0.999904	0.999788		0.352593565	0.647406435
940	1.91663E-06	0.999998	0.999996		0.306770635	0.693229365
941	0.000344553	0.999655	0.999234		0.075085324	0.924914676
942	0.000747922	0.999252	0.998338		0.256259205	0.743740795
943	0.528367	0.471633	0.432662		0.872204473	0.127795527
944	1.78924E-06	0.999998	0.999996		0.012869399	0.987130601
945	1.85258E-06	0.999998	0.999996		0	1
946	2.78916E-06	0.999997	0.999994		0.414876033	0.585123967
947	5.49796E-05	0.999945	0.999878		0.416312659	0.583687341
948	1.82207E-06	0.999998	0.999996		0.489182692	0.510817308
949	5.15349E-06	0.999995	0.999988		0.157480315	0.842519685
950	2.17057E-06	0.999998	0.999995		0	1
951	2.04651E-06	0.999998	0.999995		0.36440678	0.63559322
952	6.70169E-05	0.999933	0.999851		0.674483106	0.325516894
953	0.00043383	0.999566	0.999036		0	1
954	1.78713E-06	0.999998	0.999996		0.044117647	0.955882353
955	1.7921E-06	0.999998	0.999996		0.445521817	0.554478183
956	1.8291E-06	0.999998	0.999996		0.071275837	0.928724163
957	1.9104E-06	0.999998	0.999996		0.180505415	0.819494585
958	1.33877E-05	0.999987	0.99997		0.593303146	0.406696854
959	7.68895E-05	0.999923	0.999829		0.593001029	0.406998971
960	2.02044E-06	0.999998	0.999995		0.204042348	0.795957652
961	0.000598527	0.999402	0.99867		0	1
962	3.4479E-06	0.999997	0.999992		0.401066925	0.598933075
963	0.0211569	0.978843	0.952985		0.393755421	0.606244579
964	0.000006515	0.999993	0.999985		0.212058212	0.787941788
965	1.98047E-05	0.99998	0.999956		0.161449753	0.838550247
966	0.0014363	0.998564	0.996808		0	1
967	1.76992E-06	0.999998	0.999996		0.291166848	0.708833152
968	0.00287888	0.997121	0.993603		0	1
969	1.87954E-06	0.999998	0.999996		0.43263288	0.56736712
970	1.88273E-06	0.999998	0.999996		0.340410721	0.659589279
971	1.76659E-06	0.999998	0.999996		0.206966033	0.793033967
972	1.81752E-06	0.999998	0.999996		0.122464035	0.877535965
973	5.31208E-06	0.999995	0.999988		0.458128079	0.541871921
974	2.34991E-06	0.999998	0.999995		0.314597315	0.685402685
975	0.366619	0.633381	0.185292		0	0
976	0.0141472	0.985853	0.968562		0.675157958	0.324842042
977	0.012603	0.987397	0.971993		0.795918367	0.204081633
978	2.34726E-06	0.999998	0.999995		0.483830846	0.516169154
979	0.000088973	0.999911	0.999802		0.734667938	0.265332062
980	0.988496	0.0115038	0.974436		0.711230941	0.288769059
981	1.85658E-06	0.999998	0.999996		0.227617602	0.772382398
982	0.00458921	0.995411	0.989802		0.483091787	0.516908213
983	0.00170373	0.998296	0.996214		0.603587116	0.396412884
984	0.0651648	0.934835	0.855189		0.523636364	0.476363636
985	0.000330082	0.99967	0.999267		0.625104954	0.374895046
986	1.76764E-06	0.999998	0.999996		0.188785667	0.811214333
987	0.000377238	0.999623	0.999162		0.459459459	0.540540541
988	1.60803E-05	0.999984	0.999964		0.791906185	0.208093815
989	1.77127E-06	0.999998	0.999996		0.049723757	0.950276243
990	0.00143046	0.998569	0.996821		0.298245614	0.701754386
991	2.1815E-06	0.999998	0.999995		0.157427938	0.842572062
992	1.97604E-06	0.999998	0.999996		0.218902614	0.781097386
993	3.26853E-06	0.999997	0.999993		0.541460879	0.458539121
994	4.77703E-06	0.999995	0.999989		0.496389892	0.503610108
995	1.80002E-06	0.999998	0.999996		0.033457249	0.966542751
996	6.32453E-05	0.999937	0.999859		0.476309227	0.523690773
997	0.477927	0.522073	0.558542		1	0
998	0.993512	0.0064881	0.985582		0.714285714	0.285714286
999	2.31989E-06	0.999998	0.999995		0.181928441	0.818071559
1000	3.67115E-06	0.999996	0.999992		0.700152207	0.299847793
1001	2.07591E-06	0.999998	0.999995		0.615384615	0.384615385
1002	0.000410773	0.999589	0.999087		0.229306488	0.770693512
1003	0.0121224	0.987878	0.973061		0.566504065	0.433495935
1004	0.00016504	0.999835	0.999633		0.179360072	0.820639928
1005	7.3739E-06	0.999993	0.999984		0	1
1006	0.00025082	0.999749	0.999443		0	1
1007	3.35869E-06	0.999997	0.999993		0.299455535	0.700544465
1008	2.78408E-05	0.999972	0.999938		0.172351069	0.827648931
1009	0.000797089	0.999203	0.998229		0.279764821	0.720235179
1010	8.64465E-05	0.999914	0.999808		0.54050786	0.45949214
1011	7.21345E-06	0.999993	0.999984		0.499147243	0.500852757
1012	3.27476E-06	0.999997	0.999993		0.169381107	0.830618893
1013	0.000112951	0.999887	0.999749		0.507042254	0.492957746
1014	3.94287E-05	0.999961	0.999912		0.244470314	0.755529686
1015	1.75799E-05	0.999982	0.999961		0.082352941	0.917647059
1016	1.87182E-06	0.999998	0.999996		0.138376384	0.861623616
1017	1.75365E-06	0.999998	0.999996		0	1
1018	7.01611E-05	0.99993	0.999844		0.176788936	0.823211064
1019	0.000349245	0.999651	0.999224		0.28822606	0.71177394
1020	1.83037E-06	0.999998	0.999996		0.0743083	0.9256917
1021	0.000428422	0.999572	0.999048		0	1
1022	2.84207E-06	0.999997	0.999994		0.052516411	0.947483589
1023	0.000234142	0.999766	0.99948		0.594917946	0.405082054
1024	0.000113342	0.999887	0.999748		0.364971751	0.635028249
1025	0.0959853	0.904015	0.786699		0.685152057	0.314847943
1026	0.000709341	0.999291	0.998424		0.251968504	0.748031496
1027	1.77209E-06	0.999998	0.999996		0.453215248	0.546784752
1028	0.00333626	0.996664	0.992586		0.739388795	0.260611205
1029	2.2641E-06	0.999998	0.999995		0.081524616	0.918475384
1030	3.15904E-06	0.999997	0.999993		0.254700855	0.745299145
1031	7.00548E-05	0.99993	0.999844		0.180327869	0.819672131
1032	1.85036E-06	0.999998	0.999996		0.377358491	0.622641509
1033	1.90586E-06	0.999998	0.999996		0	1
1034	2.09714E-06	0.999998	0.999995		0.485770751	0.514229249
1035	1.83396E-06	0.999998	0.999996		0.904977376	0.095022624
1036	0.0379694	0.962031	0.915624		0.74991081	0.25008919
1037	8.89573E-05	0.999911	0.999802		0	1
1038	0.000223219	0.999777	0.999504		0.312345067	0.687654933
1039	0.000328494	0.999672	0.99927		0	1
1040	0.000242548	0.999757	0.999461		0.1171875	0.8828125
1041	4.32572E-06	0.999996	0.99999		0.47706422	0.52293578
1042	2.28847E-06	0.999998	0.999995		0.304520616	0.695479384
1043	1.77163E-06	0.999998	0.999996		0.196177425	0.803822575
1044	2.34606E-06	0.999998	0.999995		0.206760316	0.793239684
1045	0.000578998	0.999421	0.998713		0.052478134	0.947521866
1046	1.78802E-06	0.999998	0.999996		0.385034014	0.614965986
1047	7.29427E-05	0.999927	0.999838		0.650773196	0.349226804
1048	1.76252E-06	0.999998	0.999996		0.103896104	0.896103896
1049	2.22998E-06	0.999998	0.999995		0.306210561	0.693789439
1050	1.79949E-06	0.999998	0.999996		0.337730871	0.662269129
1051	2.05411E-06	0.999998	0.999995		0.450858034	0.549141966
1052	1.96733E-06	0.999998	0.999996		0.076883649	0.923116351
1053	0.00810027	0.9919	0.982		0.149072297	0.850927703
1054	6.68329E-06	0.999993	0.999985		0.262106538	0.737893462
1055	1.75003E-06	0.999998	0.999996		0.151604938	0.848395062
1056	0.000417069	0.999583	0.999073		0.361256545	0.638743455
1057	1.84009E-06	0.999998	0.999996		0.546052632	0.453947368
1058	1.83568E-06	0.999998	0.999996		0.161724002	0.838275998
1059	9.41152E-05	0.999906	0.999791		0	1
1060	3.37094E-05	0.999966	0.999925		0.53708907	0.46291093
1061	0.000440447	0.99956	0.999021		0.657057057	0.342942943
1062	0	0	0		0.585737705	0.414262295
1063	2.06101E-06	0.999998	0.999995		0.22403169	0.77596831
1064	1.87987E-06	0.999998	0.999996		0.386132696	0.613867304
1065	0.000212914	0.999787	0.999527		0.51048951	0.48951049
1066	1.77678E-06	0.999998	0.999996		0.178039216	0.821960784
1067	6.93603E-05	0.999931	0.999846		0.153963415	0.846036585
1068	0.00116204	0.998838	0.997418		0.354609929	0.645390071
1069	8.30677E-06	0.999992	0.999982		0.490861619	0.509138381
1070	0.00171186	0.998288	0.996196		0.33287388	0.66712612
1071	1.76911E-06	0.999998	0.999996		0	1
1072	4.97628E-05	0.99995	0.99989		0.304139434	0.695860566
1073	0.000166092	0.999834	0.999631		0.392603129	0.607396871
1074	0.000173091	0.999827	0.999615		0.150513113	0.849486887
1075	1.80216E-06	0.999998	0.999996		0	1
1076	6.37464E-05	0.999936	0.999858		1	0
1077	1.80828E-05	0.999982	0.99996		0.330578512	0.669421488
1078	1.83345E-06	0.999998	0.999996		0.124668435	0.875331565
1079	1.77976E-06	0.999998	0.999996		0.202003339	0.797996661
1080	1.75779E-06	0.999998	0.999996		0.29283054	0.70716946
1081	7.17817E-06	0.999993	0.999984		0.33372093	0.66627907
1082	2.05485E-06	0.999998	0.999995		0.431112661	0.568887339
1083	4.61597E-06	0.999995	0.99999		0.202072539	0.797927461
1084	0.85034	0.14966	0.667422		0.812895797	0.187104203
1085	1.83414E-06	0.999998	0.999996		0.33718013	0.66281987
1086	2.30967E-06	0.999998	0.999995		0.212616292	0.787383708
1087	0.00128438	0.998716	0.997146		0.794143744	0.205856256
1088	0.000303252	0.999697	0.999326		0.249538745	0.750461255
1089	1.93557E-06	0.999998	0.999996		0.539742779	0.460257221
1090	0.00134085	0.998659	0.99702		0.330467491	0.669532509
1091	6.06321E-06	0.999994	0.999986		0.272046589	0.727953411
1092	1.78096E-06	0.999998	0.999996		0.098073555	0.901926445
1093	0.00607414	0.993926	0.986502		0.945504087	0.054495913
1094	0.000386539	0.999613	0.999141		0.097560976	0.902439024
1095	0.000305567	0.999694	0.999321		0.144310823	0.855689177
1096	1.75236E-06	0.999998	0.999996		0.035947712	0.964052288
1097	0.000061921	0.999938	0.999862		0	1
1098	1.93291E-06	0.999998	0.999996		0.513742072	0.486257928
1099	8.08399E-05	0.999919	0.99982		0.179640719	0.820359281
1100	0.0703281	0.929672	0.843715		0.617271835	0.382728165
1101	0.00217839	0.997822	0.995159		0	1
1102	0.013004	0.986996	0.971102		0.523725835	0.476274165
1103	8.26093E-05	0.999917	0.999817		0.262548263	0.737451737
1104	0.00240681	0.997593	0.994651		0.289235826	0.710764174
1105	3.03075E-06	0.999997	0.999993		0.062322946	0.937677054
1106	0.000424443	0.999576	0.999057		0.359498501	0.640501499
1107	0.438055	0.561945	0.0265434		0.666666667	0.333333333
1108	0.000397996	0.999602	0.999115		0.226760563	0.773239437
1109	1.77682E-06	0.999998	0.999996		0.30726257	0.69273743
1110	3.05751E-06	0.999997	0.999993		0.463922764	0.536077236
1111	4.77146E-05	0.999952	0.999894		0.648301017	0.351698983
1112	1.75633E-06	0.999998	0.999996		0.114678899	0.885321101
1113	1.83909E-06	0.999998	0.999996		0.203644159	0.796355841
1114	1.78562E-06	0.999998	0.999996		0.109228972	0.890771028
1115	1.81735E-06	0.999998	0.999996		0.807089298	0.192910702
1116	3.99531E-06	0.999996	0.999991		0.24045474	0.75954526
1117	1.96581E-06	0.999998	0.999996		0.119565217	0.880434783
1118	3.41796E-05	0.999966	0.999924		0.631043257	0.368956743
1119	1.78272E-06	0.999998	0.999996		0.264200793	0.735799207
1120	1.99162E-06	0.999998	0.999996		0.042959427	0.957040573
1121	0.987278	0.0127224	0.971728		1	0
1122	1.90463E-06	0.999998	0.999996		0.196908055	0.803091945
1123	0.00021288	0.999787	0.999527		0.304647952	0.695352048
1124	1.46271E-05	0.999985	0.999968		0.500728863	0.499271137
1125	1.78246E-06	0.999998	0.999996		0.442455243	0.557544757
1126	3.78732E-06	0.999996	0.999992		0.166518255	0.833481745
1127	0.00689104	0.993109	0.984686		0.249056604	0.750943396
1128	0.00161865	0.998381	0.996403		0.196029777	0.803970223
1129	7.50964E-05	0.999925	0.999833		0	1
1130	4.16439E-06	0.999996	0.999991		0.378253119	0.621746881
1131	1.86039E-06	0.999998	0.999996		0.151877133	0.848122867
1132	0.000102134	0.999898	0.999773		0.518309859	0.481690141
1133	0.105144	0.894856	0.766346		0.493087558	0.506912442
1134	0.0108803	0.98912	0.975821		0.097560976	0.902439024
1135	5.28714E-05	0.999947	0.999883		0.663665016	0.336334984
1136	2.07902E-06	0.999998	0.999995		0.192842942	0.807157058
1137	1.85644E-06	0.999998	0.999996		0.31837238	0.68162762
1138	0.489298	0.510702	0.785964		0.436707222	0.563292778
1139	1.79111E-06	0.999998	0.999996		0.193801491	0.806198509
1140	0.000869861	0.99913	0.998067		0.369509044	0.630490956
1141	0.000001757	0.999998	0.999996		0	1
1142	1.86949E-05	0.999981	0.999958		0.347502657	0.652497343
1143	1.97897E-06	0.999998	0.999996		0.081492765	0.918507235
1144	0.000163244	0.999837	0.999637		0.029834254	0.970165746
1145	2.67173E-06	0.999997	0.999994		0.187610619	0.812389381
1146	1.75679E-06	0.999998	0.999996		0.026467757	0.973532243
1147	0.000157776	0.999842	0.999649		0.172727273	0.827272727
1148	1.77912E-06	0.999998	0.999996		0	1
1149	5.95733E-05	0.99994	0.999868		0	1
1150	0.000102837	0.999897	0.999772		0.375091575	0.624908425
1151	0.000167445	0.999833	0.999628		0.546056592	0.453943408
1152	6.23517E-06	0.999994	0.999986		0	1
1153	0.0109957	0.989004	0.975565		0.789473684	0.210526316
1154	0.142963	0.857037	0.682304		1	0
1155	2.32408E-06	0.999998	0.999995		0.37189244	0.62810756
1156	0.0594431	0.940557	0.867904		0.6	0.4
1157	2.09882E-06	0.999998	0.999995		0.07133059	0.92866941
1158	1.81904E-06	0.999998	0.999996		0.191411043	0.808588957
1159	0.000679363	0.999321	0.99849		0.406504065	0.593495935
1160	1.77734E-06	0.999998	0.999996		0.183828174	0.816171826
1161	2.47177E-06	0.999997	0.999994		0.088888889	0.911111111
1162	1.76651E-06	0.999998	0.999996		0	1
1163	0.000541947	0.999458	0.998796		0.488452656	0.511547344
1164	0.00172403	0.998276	0.996169		0.611398964	0.388601036
1165	2.25318E-06	0.999998	0.999995		0	1
1166	1.7741E-06	0.999998	0.999996		0.172166428	0.827833572
1167	0.00148322	0.998517	0.996704		0.103448276	0.896551724
1168	2.4379E-06	0.999998	0.999995		0.452466047	0.547533953
1169	1.92998E-06	0.999998	0.999996		0.166666667	0.833333333
1170	1.75624E-06	0.999998	0.999996		0.203150912	0.796849088
1171	0.000355607	0.999644	0.99921		0	1
1172	0.0831175	0.916882	0.815294		0.562203229	0.437796771
1173	0.000508387	0.999492	0.99887		0	1
1174	1.79436E-06	0.999998	0.999996		0.18696615	0.81303385
1175	1.90375E-06	0.999998	0.999996		0.420767306	0.579232694
1176	2.10601E-06	0.999998	0.999995		0.071038251	0.928961749
1177	0.000302049	0.999698	0.999329		0.530812325	0.469187675
1178	0.994976	0.00502416	0.988835		1	0
1179	8.99961E-06	0.999991	0.99998		0.235565002	0.764434998
1180	0.00760717	0.992393	0.983095		0.371004566	0.628995434
1181	1.89545E-06	0.999998	0.999996		0.251003121	0.748996879
1182	4.99172E-05	0.99995	0.999889		0	1
1183	8.06692E-05	0.999919	0.999821		0.828897338	0.171102662
1184	0.000486307	0.999514	0.998919		0.1001001	0.8998999
1185	3.87331E-05	0.999961	0.999914		0.434782609	0.565217391
1186	2.43139E-06	0.999998	0.999995		0.153846154	0.846153846
1187	0.924314	0.0756864	0.831808		0.567387687	0.432612313
1188	0.000399269	0.999601	0.999113		0.553866203	0.446133797
1189	1.82201E-06	0.999998	0.999996		0.03030303	0.96969697
1190	5.93308E-05	0.999941	0.999868		0.566197183	0.433802817
1191	0.00606371	0.993936	0.986525		0	1
1192	1.81816E-06	0.999998	0.999996		0.105263158	0.894736842
1193	2.15492E-06	0.999998	0.999995		0.270950261	0.729049739
1194	9.51164E-06	0.99999	0.999979		0.521480424	0.478519576
1195	9.24752E-06	0.999991	0.999979		0	1
1196	1.84506E-06	0.999998	0.999996		0.378865979	0.621134021
1197	2.54875E-06	0.999997	0.999994		0.354444444	0.645555556
1198	2.6212E-06	0.999997	0.999994		0.48265726	0.51734274
1199	0.000717427	0.999283	0.998406		0	1
1200	0.000167299	0.999833	0.999628		0.830663616	0.169336384
1201	2.05412E-06	0.999998	0.999995		0.514165792	0.485834208
1202	1.89068E-06	0.999998	0.999996		0.411659991	0.588340009
1203	1.82642E-06	0.999998	0.999996		0.356266345	0.643733655
1204	1.37241E-05	0.999986	0.99997		0.258948972	0.741051028
1205	2.91839E-06	0.999997	0.999994		0.169359492	0.830640508
1206	2.29782E-06	0.999998	0.999995		0.391236914	0.608763086
1207	1.79493E-06	0.999998	0.999996		0.127192982	0.872807018
1208	1.81807E-06	0.999998	0.999996		0.21179344	0.78820656
1209	1.86896E-06	0.999998	0.999996		0.477412731	0.522587269
1210	0.000596229	0.999404	0.998675		0.559292035	0.440707965
1211	0.00183588	0.998164	0.99592		1	0
1212	3.58577E-05	0.999964	0.99992		0	1
1213	5.1396E-06	0.999995	0.999989		0.129411765	0.870588235
1214	0.000301254	0.999699	0.999331		0.524564184	0.475435816
1215	2.05062E-06	0.999998	0.999995		0.461144718	0.538855282
1216	0.000277012	0.999723	0.999384		0.373472949	0.626527051
1217	1.81249E-06	0.999998	0.999996		0.237288136	0.762711864
1218	3.9025E-06	0.999996	0.999991		0.404096386	0.595903614
1219	0.000676006	0.999324	0.998498		0.408980583	0.591019417
1220	9.48023E-05	0.999905	0.999789		0.544973545	0.455026455
1221	1.86329E-06	0.999998	0.999996		0.237144586	0.762855414
1222	1.9286E-06	0.999998	0.999996		0.323576799	0.676423201
1223	2.21894E-05	0.999978	0.999951		0	1
1224	0.000359686	0.99964	0.999201		0.423714037	0.576285963
1225	0.000158589	0.999841	0.999648		0	1
1226	0.001386	0.998614	0.99692		0.661208357	0.338791643
1227	2.0462E-06	0.999998	0.999995		0.293865906	0.706134094
1228	1.8665E-06	0.999998	0.999996		0.346598203	0.653401797
1229	1.69496E-05	0.999983	0.999962		0	1
1230	1.82986E-06	0.999998	0.999996		0.232172471	0.767827529
1231	0.000191177	0.999809	0.999575		0.600997506	0.399002494
1232	4.45031E-05	0.999956	0.999901		0.300438596	0.699561404
1233	2.02454E-06	0.999998	0.999995		0.36308204	0.63691796
1234	1.49426E-05	0.999985	0.999967		0.390444811	0.609555189
1235	0.00296093	0.997039	0.99342		0.119241192	0.880758808
1236	1.9082E-06	0.999998	0.999996		0.142613636	0.857386364
1237	1.87747E-06	0.999998	0.999996		0.025376217	0.974623783
1238	1.92126E-06	0.999998	0.999996		0.062921348	0.937078652
1239	1.78413E-06	0.999998	0.999996		0.191980559	0.808019441
1240	1.82381E-06	0.999998	0.999996		0.254957507	0.745042493
1241	1.7835E-06	0.999998	0.999996		0.690179806	0.309820194
1242	1.75361E-06	0.999998	0.999996		0.394590846	0.605409154
1243	1.8706E-06	0.999998	0.999996		0.288798133	0.711201867
1244	2.35985E-06	0.999998	0.999995		0.349488422	0.650511578
1245	2.47215E-06	0.999997	0.999994		0.45785877	0.54214123
1246	1.79467E-06	0.999998	0.999996		0.302652605	0.697347395
1247	1.80047E-06	0.999998	0.999996		0.236870897	0.763129103
1248	0.0898366	0.910163	0.800363		0.74351585	0.25648415
1249	0.000496457	0.999503	0.998897		0.557377049	0.442622951
1250	0.000189312	0.999811	0.999579		0	1
1251	1.17829E-05	0.999988	0.999974		0.647108131	0.352891869
1252	9.10917E-06	0.999991	0.99998		0.17989418	0.82010582
1253	2.80872E-05	0.999972	0.999938		0.518123667	0.481876333
1254	2.72792E-06	0.999997	0.999994		0.269014085	0.730985915
1255	0.000302877	0.999697	0.999327		0	1
1256	4.54115E-06	0.999995	0.99999		0.32605042	0.67394958
1257	1.79022E-06	0.999998	0.999996		0.292134831	0.707865169
1258	2.89214E-06	0.999997	0.999994		0.179566563	0.820433437
1259	4.97376E-05	0.99995	0.999889		0.303354111	0.696645889
1260	0.0085158	0.991484	0.981076		0.255813953	0.744186047
1261	3.42185E-05	0.999966	0.999924		0.435881036	0.564118964
1262	0.00233126	0.997669	0.994819		0.57745098	0.42254902
1263	2.25525E-06	0.999998	0.999995		0.312824314	0.687175686
1264	0.000213108	0.999787	0.999527		0.081081081	0.918918919
1265	1.85835E-06	0.999998	0.999996		0.106844741	0.893155259
1266	0.000382643	0.999617	0.99915		0	1
1267	0.000139592	0.99986	0.99969		0.568733154	0.431266846
1268	0.00107119	0.998929	0.99762		0.813953488	0.186046512
1269	2.10025E-06	0.999998	0.999995		0.408691632	0.591308368
1270	2.40846E-05	0.999976	0.999946		0.125984252	0.874015748
1271	3.02474E-05	0.99997	0.999933		0.922942207	0.077057793
1272	1.85437E-06	0.999998	0.999996		0.172635445	0.827364555
1273	0.000271984	0.999728	0.999396		0.482758621	0.517241379
1274	1.81495E-06	0.999998	0.999996		0.383997322	0.616002678
1275	1.76257E-06	0.999998	0.999996		0.025873221	0.974126779
1276	1.09965E-05	0.999989	0.999976		0.222527473	0.777472527
1277	1.78958E-06	0.999998	0.999996		0.085354025	0.914645975
1278	1.23104E-05	0.999988	0.999973		0.354905336	0.645094664
1279	2.8736E-06	0.999997	0.999994		0.410493827	0.589506173
1280	1.87457E-06	0.999998	0.999996		0.570465034	0.429534966
1281	0.000615118	0.999385	0.998633		0.408254079	0.591745921
1282	0.000498626	0.999501	0.998892		0.501594049	0.498405951
1283	9.14969E-05	0.999909	0.999797		0.407894737	0.592105263
1284	1.83768E-06	0.999998	0.999996		0.139603543	0.860396457
1285	5.30549E-06	0.999995	0.999988		0	1
1286	0.00215475	0.997845	0.995212		0.364508393	0.635491607
1287	1.94806E-06	0.999998	0.999996		0.201077199	0.798922801
1288	1.82494E-06	0.999998	0.999996		0.367975504	0.632024496
1289	4.02229E-06	0.999996	0.999991		0.387636179	0.612363821
1290	0.988549	0.0114506	0.974554		1	0
1291	0.00401158	0.995988	0.991085		0	1
1292	0.00875335	0.991247	0.980548		0.222222222	0.777777778
1293	0.000297085	0.999703	0.99934		0.42892872	0.57107128
1294	2.39777E-06	0.999998	0.999995		0.683757485	0.316242515
1295	0.0169179	0.983082	0.962405		0.370875495	0.629124505
1296	0.000371085	0.999629	0.999175		0.581349206	0.418650794
1297	1.79157E-06	0.999998	0.999996		0.404938272	0.595061728
1298	0.000142302	0.999858	0.999684		0.337697763	0.662302237
1299	0.00012275	0.999877	0.999727		0.391304348	0.608695652
1300	0.458569	0.541431	0.171384		0.834605598	0.165394402
1301	0.000125693	0.999874	0.999721		0	1
1302	1.87409E-06	0.999998	0.999996		0.167445483	0.832554517
1303	0.00798361	0.992016	0.982259		0	1
1304	1.76702E-06	0.999998	0.999996		0.166963491	0.833036509
1305	0.000110141	0.99989	0.999755		0.162844037	0.837155963
1306	2.62534E-05	0.999974	0.999942		0	1
1307	0.00232237	0.997678	0.994839		0.365853659	0.634146341
1308	0.00239157	0.997608	0.994685		0.975535168	0.024464832
1309	2.00386E-06	0.999998	0.999995		0.376736111	0.623263889
1310	0.000465381	0.999535	0.998966		0.597833935	0.402166065
1311	0.000191121	0.999809	0.999575		0.470430108	0.529569892
1312	3.5371E-06	0.999996	0.999992		0.300531915	0.699468085
1313	0.0113146	0.988685	0.974856		0.538043478	0.461956522
1314	0.484681	0.515319	0.693619		0.916449086	0.083550914
1315	0.000170187	0.99983	0.999622		0.484042553	0.515957447
1316	1.98392E-06	0.999998	0.999996		0.633427762	0.366572238
1317	2.73578E-06	0.999997	0.999994		0.446225071	0.553774929
1318	3.10389E-06	0.999997	0.999993		0.085106383	0.914893617
1319	1.76474E-06	0.999998	0.999996		0.276595745	0.723404255
1320	2.00746E-06	0.999998	0.999995		0.49516129	0.50483871
1321	0.000295224	0.999705	0.999344		0.387096774	0.612903226
1322	0.000360413	0.99964	0.999199		0.512841756	0.487158244
1323	6.96154E-06	0.999993	0.999985		0	1
1324	0.000162594	0.999837	0.999639		0.309917355	0.690082645
1325	2.1156E-06	0.999998	0.999995		0.096630642	0.903369358
1326	0.0520726	0.947927	0.884283		0.533333333	0.466666667
1327	2.08926E-06	0.999998	0.999995		0.034557235	0.965442765
1328	4.83056E-06	0.999995	0.999989		0.356825397	0.643174603
1329	1.78302E-06	0.999998	0.999996		0.301557159	0.698442841
1330	0.000150204	0.99985	0.999666		0	1
1331	0.621277	0.378723	0.158393		0.139072848	0.860927152
1332	0.000425039	0.999575	0.999055		0.424836601	0.575163399
1333	0.0017071	0.998293	0.996206		0	1
1334	2.17938E-06	0.999998	0.999995		0.539586485	0.460413515
1335	0.992065	0.00793529	0.982366		1	0
1336	0.000261983	0.999738	0.999418		0.42462845	0.57537155
1337	0	0	0		0.609254089	0.390745911
1338	0.0705224	0.929478	0.843284		0.798941799	0.201058201
1339	5.89803E-05	0.999941	0.999869		0.49019967	0.50980033
1340	1.41893E-05	0.999986	0.999968		0.410526316	0.589473684
1341	1.86363E-06	0.999998	0.999996		0.461778471	0.538221529
1342	1.19551E-05	0.999988	0.999974		0.258064516	0.741935484
1343	1.74886E-06	0.999998	0.999996		0.179012346	0.820987654
1344	2.40098E-06	0.999998	0.999995		0.114629678	0.885370322
1345	0.0205687	0.979431	0.954292		0.494029851	0.505970149
1346	0.00811227	0.991888	0.981973		0.842696629	0.157303371
1347	0.00175536	0.998245	0.996099		0.899749373	0.100250627
1348	2.4103E-06	0.999998	0.999995		0.267438577	0.732561423
1349	2.00263E-06	0.999998	0.999995		0.108744395	0.891255605
1350	1.87995E-06	0.999998	0.999996		0.191489362	0.808510638
1351	0.671713	0.328287	0.270474		0.512820513	0.487179487
1352	4.92094E-06	0.999995	0.999989		0.246145667	0.753854333
1353	2.17045E-06	0.999998	0.999995		0.205498602	0.794501398
1354	1.95385E-06	0.999998	0.999996		0.635285397	0.364714603
1355	4.55451E-06	0.999995	0.99999		0.49513382	0.50486618
1356	0.00129664	0.998703	0.997119		0.233926129	0.766073871
1357	2.34985E-06	0.999998	0.999995		0.598120708	0.401879292
1358	1.94677E-06	0.999998	0.999996		0.319533528	0.680466472
1359	2.0692E-06	0.999998	0.999995		0.100241546	0.899758454
1360	1.98669E-06	0.999998	0.999996		0.25450031	0.74549969
1361	3.06017E-06	0.999997	0.999993		0.343190661	0.656809339
1362	0.00142182	0.998578	0.99684		0.489157373	0.510842627
1363	4.70749E-06	0.999995	0.99999		0.42271442	0.57728558
1364	0.000406136	0.999594	0.999097		0	1
1365	4.41648E-05	0.999956	0.999902		0.379277108	0.620722892
1366	1.80019E-06	0.999998	0.999996		0.338780488	0.661219512
1367	1.81228E-06	0.999998	0.999996		0.166274971	0.833725029
1368	0.000474204	0.999526	0.998946		0.61928934	0.38071066
1369	3.93098E-06	0.999996	0.999991		0.601861427	0.398138573
1370	0.0139114	0.986089	0.969086		0.566787004	0.433212996
1371	0.000340558	0.999659	0.999243		0.421345907	0.578654093
1372	3.22548E-06	0.999997	0.999993		0.446808511	0.553191489
1373	0.000785824	0.999214	0.998254		0.503292568	0.496707432
1374	7.50485E-05	0.999925	0.999833		0.347979892	0.652020108
1375	0.000713826	0.999286	0.998414		0.365111562	0.634888438
1376	0.0283574	0.971643	0.936984		0.375	0.625
1377	0.070485	0.929515	0.843367		0.778877888	0.221122112
1378	0.00112302	0.998877	0.997504		0.653414883	0.346585117
1379	1.76762E-06	0.999998	0.999996		0.430239705	0.569760295
1380	2.26626E-06	0.999998	0.999995		0.064436183	0.935563817
1381	1.79694E-06	0.999998	0.999996		0.129954516	0.870045484
1382	0.00026028	0.99974	0.999422		0.273107486	0.726892514
1383	1.79787E-06	0.999998	0.999996		0.184256357	0.815743643
1384	0	0	0		0.459086533	0.540913467
1385	1.76183E-06	0.999998	0.999996		0	1
1386	0.00339765	0.996602	0.99245		0.123222749	0.876777251
1387	2.35903E-06	0.999998	0.999995		0.169458128	0.830541872
1388	0.0991018	0.900898	0.779774		0	1
1389	0.00276204	0.997238	0.993862		0.968944099	0.031055901
1390	7.87251E-05	0.999921	0.999825		0.87987988	0.12012012
1391	2.30083E-06	0.999998	0.999995		0.681118881	0.318881119
1392	7.04429E-06	0.999993	0.999984		0.348770852	0.651229148
1393	1.99115E-06	0.999998	0.999995		0.165289256	0.834710744
1394	0.041907	0.958093	0.906873		0.789473684	0.210526316
1395	0.000491289	0.999509	0.998908		0.500372439	0.499627561
1396	0.000234648	0.999765	0.999479		0.228716645	0.771283355
1397	3.21381E-06	0.999997	0.999993		0.472712351	0.527287649
1398	1.88567E-06	0.999998	0.999996		0.671025746	0.328974254
1399	0.00532135	0.994679	0.988175		0.596247961	0.403752039
1400	0.000910751	0.999089	0.997976		0.441181902	0.558818098
1401	5.33401E-05	0.999947	0.999882		0.693146949	0.306853051
1402	2.47879E-06	0.999997	0.999994		0.139534884	0.860465116
1403	0.000273826	0.999726	0.999391		0.407669296	0.592330704
1404	5.46863E-05	0.999945	0.999879		0	1
1405	0.000680268	0.99932	0.998488		0	1
1406	2.3872E-06	0.999998	0.999995		0.04109589	0.95890411
1407	2.13531E-06	0.999998	0.999995		0.486400801	0.513599199
1408	0.000263302	0.999737	0.999415		0.562020749	0.437979251
1409	0.000113971	0.999886	0.999747		0.337847866	0.662152134
1410	4.42861E-05	0.999956	0.999902		0.233586731	0.766413269
1411	2.80962E-05	0.999972	0.999938		0.616355653	0.383644347
1412	0.000051732	0.999948	0.999885		0.194214876	0.805785124
1413	5.08496E-05	0.999949	0.999887		0	1
1414	0.00137231	0.998628	0.996951		0.437379238	0.562620762
1415	0.0229556	0.977044	0.948988		0.05955335	0.94044665
1416	1.82736E-06	0.999998	0.999996		0.342935528	0.657064472
1417	1.75801E-06	0.999998	0.999996		0.043956044	0.956043956
1418	1.78111E-06	0.999998	0.999996		0.584254144	0.415745856
1419	1.87853E-06	0.999998	0.999996		0.231498359	0.768501641
1420	0.000981572	0.999018	0.997819		0.879765396	0.120234604
1421	0.0243069	0.975693	0.945985		0.326198969	0.673801031
1422	0.0136179	0.986382	0.969738		0.585062241	0.414937759
1423	8.80258E-05	0.999912	0.999804		0.302352941	0.697647059
1424	2.14935E-06	0.999998	0.999995		0.407862408	0.592137592
1425	1.76081E-06	0.999998	0.999996		0.464183381	0.535816619
1426	0.152906	0.847094	0.660208		0.382632293	0.617367707
1427	0.000259311	0.999741	0.999424		0.467971087	0.532028913
1428	2.01322E-06	0.999998	0.999995		0.346169274	0.653830726
1429	4.61386E-06	0.999995	0.99999		0	1
1430	1.82915E-06	0.999998	0.999996		0.13877551	0.86122449
1431	5.02277E-05	0.99995	0.999888		0.279898219	0.720101781
1432	1.13917E-05	0.999989	0.999975		0.71366782	0.28633218
1433	0.000026762	0.999973	0.999941		0.25170068	0.74829932
1434	2.75247E-06	0.999997	0.999994		0	1
1435	1.76004E-06	0.999998	0.999996		0.150656168	0.849343832
1436	0.0019392	0.998061	0.995691		0.095166163	0.904833837
1437	6.97133E-05	0.99993	0.999845		0.227142857	0.772857143
1438	9.20122E-05	0.999908	0.999795		0.08997955	0.91002045
1439	2.09368E-06	0.999998	0.999995		0.056865465	0.943134535
1440	0.000612068	0.999388	0.99864		0.545813586	0.454186414
1441	2.09151E-06	0.999998	0.999995		0.179891794	0.820108206
1442	1.80605E-06	0.999998	0.999996		0	1
1443	2.22582E-06	0.999998	0.999995		0.311890324	0.688109676
1444	0.809226	0.190774	0.576058		0.21976593	0.78023407
1445	1.22655E-05	0.999988	0.999973		0.776025237	0.223974763
1446	1.25734E-05	0.999987	0.999972		0.168176447	0.831823553
1447	0.00232933	0.997671	0.994824		0.499314129	0.500685871
1448	1.78095E-06	0.999998	0.999996		0.235114504	0.764885496
1449	0.00402038	0.99598	0.991066		0.352156057	0.647843943
1450	0.251415	0.748585	0.4413		0.322544643	0.677455357
1451	0.00196317	0.998037	0.995637		0.344894027	0.655105973
1452	1.90621E-06	0.999998	0.999996		0.113972603	0.886027397
1453	0.000043159	0.999957	0.999904		0.478125882	0.521874118
1454	3.36527E-05	0.999966	0.999925		0.145795523	0.854204477
1455	1.94766E-06	0.999998	0.999996		0.332369942	0.667630058
1456	1.26204E-05	0.999987	0.999972		0.146788991	0.853211009
1457	0.891858	0.108142	0.759684		0.578638498	0.421361502
1458	1.88718E-06	0.999998	0.999996		0.605820106	0.394179894
1459	3.96649E-05	0.99996	0.999912		0.369863014	0.630136986
1460	2.36835E-06	0.999998	0.999995		0	1
1461	2.28662E-06	0.999998	0.999995		0.232694564	0.767305436
1462	0.402462	0.597538	0.10564		0	1
1463	0.00453741	0.995463	0.989917		0.448484848	0.551515152
1464	0.000244344	0.999756	0.999457		0.222972973	0.777027027
1465	1.84279E-06	0.999998	0.999996		0.155268022	0.844731978
1466	0.00112884	0.998871	0.997491		0.61626824	0.38373176
1467	1.89668E-05	0.999981	0.999958		0.740908157	0.259091843
1468	0.00454332	0.995457	0.989904		0.090689238	0.909310762
1469	0.00238608	0.997614	0.994698		0	1
1470	0.965584	0.0344165	0.923519		1	0
1471	2.00514E-06	0.999998	0.999995		0.548523207	0.451476793
1472	0.00620912	0.993791	0.986202		0.7053407	0.2946593
1473	5.66235E-06	0.999994	0.999987		0.679403083	0.320596917
1474	0.000446809	0.999553	0.999007		0.557438795	0.442561205
1475	3.64343E-06	0.999996	0.999992		0.428649835	0.571350165
1476	0.000001773	0.999998	0.999996		0.530674847	0.469325153
1477	1.75928E-06	0.999998	0.999996		0	1
1478	3.56678E-06	0.999996	0.999992		0.373298199	0.626701801
1479	0.000042639	0.999957	0.999905		0	1
1480	0.0748554	0.925145	0.833655		0.156899811	0.843100189
1481	0.000331479	0.999668	0.999263		0.580357143	0.419642857
1482	5.49184E-05	0.999945	0.999878		0.153846154	0.846153846
1483	1.83975E-06	0.999998	0.999996		0.523939808	0.476060192
1484	1.75362E-06	0.999998	0.999996		0.045643154	0.954356846
1485	8.19508E-06	0.999992	0.999982		0.45412844	0.54587156
1486	0.000058263	0.999942	0.999871		0.766016713	0.233983287
1487	3.95846E-06	0.999996	0.999991		0.548906314	0.451093686
1488	2.42902E-06	0.999998	0.999995		0.411682893	0.588317107
1489	2.97369E-06	0.999997	0.999993		0.632911392	0.367088608
1490	0.00437161	0.995628	0.990285		0.258286698	0.741713302
1491	0.000792979	0.999207	0.998238		0.270186335	0.729813665
1492	2.54306E-05	0.999975	0.999943		0.475053566	0.524946434
1493	0.00221667	0.997783	0.995074		0.542220937	0.457779063
1494	3.87188E-05	0.999961	0.999914		0.614259598	0.385740402
1495	6.04951E-05	0.99994	0.999866		0	1
1496	4.14283E-05	0.999959	0.999908		0	1
1497	1.89839E-06	0.999998	0.999996		0.033919598	0.966080402
1498	1.78917E-06	0.999998	0.999996		0.24884152	0.75115848
1499	5.56595E-05	0.999944	0.999876		0.549251379	0.450748621
1500	8.72042E-06	0.999991	0.999981		0.35106383	0.64893617
1501	2.09429E-06	0.999998	0.999995		0.09350057	0.90649943
1502	0.000142063	0.999858	0.999684		0.700769231	0.299230769
1503	2.47899E-06	0.999997	0.999994		0.478266739	0.521733261
1504	9.62631E-05	0.999904	0.999786		0.639344262	0.360655738
1505	1.82399E-06	0.999998	0.999996		0	1
1506	0.00126911	0.998731	0.99718		0	1
1507	1.64984E-05	0.999983	0.999963		0.592040446	0.407959554
1508	4.04176E-06	0.999996	0.999991		0.441133931	0.558866069
1509	2.17495E-06	0.999998	0.999995		0.102260495	0.897739505
1510	2.45028E-06	0.999997	0.999994		0.394926492	0.605073508
1511	1.76469E-06	0.999998	0.999996		0.61827957	0.38172043
1512	0.000285108	0.999715	0.999366		0.594285714	0.405714286
1513	1.78091E-06	0.999998	0.999996		0.474893162	0.525106838
1514	0.00749847	0.992501	0.983337		0.320203304	0.679796696
1515	2.17807E-06	0.999998	0.999995		0.203334244	0.796665756
1516	0.000374749	0.999625	0.999167		0.503875969	0.496124031
1517	7.44804E-06	0.999993	0.999983		0.283870968	0.716129032
1518	1.76631E-06	0.999998	0.999996		0.014941893	0.985058107
1519	1.24602E-05	0.999988	0.999972		0.225388601	0.774611399
1520	1.77595E-06	0.999998	0.999996		0.1898527	0.8101473
1521	1.82484E-06	0.999998	0.999996		0.128205128	0.871794872
1522	0.0133604	0.98664	0.97031		0	1
1523	2.02806E-06	0.999998	0.999995		0.048452221	0.951547779
1524	0.00181941	0.998181	0.995957		0.586666667	0.413333333
1525	1.7714E-06	0.999998	0.999996		0.05295601	0.94704399
1526	1.79439E-05	0.999982	0.99996		0.651531729	0.348468271
1527	3.4805E-06	0.999996	0.999992		0.187217195	0.812782805
1528	0.000344929	0.999655	0.999233		0.267030756	0.732969244
1529	2.96473E-06	0.999997	0.999993		0.453170261	0.546829739
1530	0.0016151	0.998385	0.996411		0.137313433	0.862686567
1531	2.47621E-06	0.999997	0.999994		0.41509434	0.58490566
1532	5.96795E-05	0.99994	0.999868		0.236647494	0.763352506
1533	3.06206E-06	0.999997	0.999993		0.415642458	0.584357542
1534	0.000268033	0.999732	0.999404		0.143888602	0.856111398
1535	1.7945E-06	0.999998	0.999996		0.725363489	0.274636511
1536	0.716347	0.283653	0.369661		0.757334963	0.242665037
1537	1.80185E-06	0.999998	0.999996		0.741100324	0.258899676
1538	1.76552E-06	0.999998	0.999996		0.297537344	0.702462656
1539	0.184503	0.815497	0.589993		0.560201875	0.439798125
1540	1.87413E-06	0.999998	0.999996		0.085865258	0.914134742
1541	1.77185E-06	0.999998	0.999996		0.417426545	0.582573455
1542	1.91191E-06	0.999998	0.999996		0.569648094	0.430351906
1543	2.89678E-06	0.999997	0.999994		0	1
1544	1.7849E-06	0.999998	0.999996		0.284629981	0.715370019
1545	1.78011E-06	0.999998	0.999996		0.17844523	0.82155477
1546	0.990245	0.00975516	0.978322		1	0
1547	0.12668	0.87332	0.71849		0.166666667	0.833333333
1548	0.00870648	0.991293	0.980652		0.785467128	0.214532872
1549	8.0198E-06	0.999992	0.999982		0.509049774	0.490950226
1550	0.00352162	0.996478	0.992174		0.909090909	0.090909091
1551	3.10822E-06	0.999997	0.999993		0.459921156	0.540078844
1552	0.000188329	0.999812	0.999581		0.580378251	0.419621749
1553	1.9918E-06	0.999998	0.999996		0.441983471	0.558016529
1554	0.000010664	0.999989	0.999976		0	1
1555	0.000002348	0.999998	0.999995		0	1
1556	0.0381942	0.961806	0.915124		0.55	0.45
1557	2.57753E-06	0.999997	0.999994		0.2837345	0.7162655
1558	1.79559E-06	0.999998	0.999996		0.060644346	0.939355654
1559	1.92521E-06	0.999998	0.999996		0	1
1560	1.78393E-06	0.999998	0.999996		0.219137333	0.780862667
1561	0.0170601	0.98294	0.962089		0.476190476	0.523809524
1562	2.15898E-06	0.999998	0.999995		0.224386724	0.775613276
1563	4.25435E-06	0.999996	0.99999		0	1
1564	3.33766E-05	0.999967	0.999926		0.031100478	0.968899522
1565	0.0129926	0.987007	0.971128		0.593175853	0.406824147
1566	4.61884E-05	0.999954	0.999897		0.462078036	0.537921964
1567	1.78349E-06	0.999998	0.999996		0.353083434	0.646916566
1568	5.8428E-06	0.999994	0.999987		0.561830574	0.438169426
1569	6.12776E-05	0.999939	0.999864		0.421251575	0.578748425
1570	0.000229801	0.99977	0.999489		0.426008969	0.573991031
1571	0.000155699	0.999844	0.999654		0.058949625	0.941050375
1572	1.65096E-05	0.999983	0.999963		0.355731225	0.644268775
1573	3.16455E-06	0.999997	0.999993		0.175746924	0.824253076
1574	2.91224E-06	0.999997	0.999994		0.102009274	0.897990726
1575	2.94366E-06	0.999997	0.999994		0.087875417	0.912124583
1576	1.81179E-06	0.999998	0.999996		0.194612424	0.805387576
1577	0.000291162	0.999709	0.999353		0.451977401	0.548022599
1578	0.495745	0.504255	0.914892		0.78312473	0.21687527
1579	5.12948E-06	0.999995	0.999989		0.30583501	0.69416499
1580	0.000661608	0.999338	0.99853		0.677316294	0.322683706
1581	0.786327	0.213673	0.52517		0.871382637	0.128617363
1582	0.000247966	0.999752	0.999449		0.675417661	0.324582339
1583	0.0016876	0.998312	0.99625		0.879897238	0.120102762
1584	6.40314E-06	0.999994	0.999986		0.417924353	0.582075647
1585	0.00107657	0.998923	0.997608		0.290010194	0.709989806
1586	0.0002284	0.999772	0.999493		0.253543307	0.746456693
1587	0.000168128	0.999832	0.999626		0.413716814	0.586283186
1588	2.15288E-06	0.999998	0.999995		0.197823937	0.802176063
1589	2.16059E-06	0.999998	0.999995		0.287510968	0.712489032
1590	0.583675	0.416325	0.0748331		0.361674081	0.638325919
1591	8.33059E-06	0.999992	0.999982		0	1
1592	0.000816631	0.999183	0.998185		0.222104145	0.777895855
1593	1.85519E-06	0.999998	0.999996		0.511606874	0.488393126
1594	1.01734E-05	0.99999	0.999977		0.04109589	0.95890411
1595	2.04318E-06	0.999998	0.999995		0.526380368	0.473619632
1596	0.000284746	0.999715	0.999367		0.234693878	0.765306122
1597	1.76117E-06	0.999998	0.999996		0.269652651	0.730347349
1598	0.000773829	0.999226	0.99828		0.489603025	0.510396975
1599	0.00961504	0.990385	0.978633		0.336734694	0.663265306
1600	2.12556E-06	0.999998	0.999995		0.349951597	0.650048403
1601	1.78139E-06	0.999998	0.999996		0.498973306	0.501026694
1602	2.54081E-06	0.999997	0.999994		0.221590909	0.778409091
1603	0.00239854	0.997601	0.99467		0.506855576	0.493144424
1604	1.79085E-06	0.999998	0.999996		0.453378956	0.546621044
1605	0.0109605	0.98904	0.975643		1	0
1606	0.00137748	0.998623	0.996939		0.339293902	0.660706098
1607	0.0102379	0.989762	0.977249		0.584722222	0.415277778
1608	1.89132E-06	0.999998	0.999996		0.424169184	0.575830816
1609	2.01178E-06	0.999998	0.999995		0.074454429	0.925545571
1610	0.119085	0.880915	0.735367		0.865796831	0.134203169
1611	2.16305E-06	0.999998	0.999995		0.177514793	0.822485207
1612	2.45121E-06	0.999997	0.999994		0	1
1613	0.0143095	0.985691	0.968201		0.572334079	0.427665921
1614	4.93156E-06	0.999995	0.999989		0	1
1615	0.000108252	0.999892	0.999759		0.342975207	0.657024793
1616	0.00221191	0.997788	0.995085		0.725998745	0.274001255
1617	2.0571E-06	0.999998	0.999995		0.435840952	0.564159048
1618	6.49028E-05	0.999935	0.999856		0.094398093	0.905601907
1619	2.11226E-06	0.999998	0.999995		0.076102418	0.923897582
1620	2.65695E-06	0.999997	0.999994		0.12195122	0.87804878
1621	2.10853E-05	0.999979	0.999953		0.191061453	0.808938547
1622	2.98708E-05	0.99997	0.999934		0.37276531	0.62723469
1623	3.8448E-06	0.999996	0.999992		0.028776978	0.971223022
1624	0.0995358	0.900464	0.778809		0.580246914	0.419753086
1625	0.133827	0.866173	0.702607		0.598662207	0.401337793
1626	1.77379E-06	0.999998	0.999996		0.102402023	0.897597977
1627	1.94616E-06	0.999998	0.999996		0.324658426	0.675341574
1628	1.76491E-06	0.999998	0.999996		0.452475248	0.547524752
1629	0.000830528	0.999169	0.998154		0	1
1630	0.000636297	0.999364	0.998586		0	1
1631	3.67053E-06	0.999996	0.999992		0.15171504	0.84828496
1632	1.27475E-05	0.999987	0.999972		0.273993808	0.726006192
1633	0.000532825	0.999467	0.998816		0.445996276	0.554003724
1634	5.14209E-05	0.999949	0.999886		0.404027282	0.595972718
1635	0.000010667	0.999989	0.999976		0.392025266	0.607974734
1636	0.00172896	0.998271	0.996158		0.681559708	0.318440292
1637	1.70633E-05	0.999983	0.999962		0.424055513	0.575944487
1638	3.64453E-06	0.999996	0.999992		0.100606061	0.899393939