1	0.238622	0.761379	0.46973		0.402079723	0.597920277
2	0.997278	0.0027219	0.993951		1	0
3	0.000718902	0.999281	0.998402		0.140482128	0.859517872
4	0.99969	0.000310088	0.999311		0.620598007	0.379401993
5	0.12184	0.87816	0.729245		0.677419355	0.322580645
6	0.610039	0.389961	0.13342		1	0
7	0.999745	0.000255216	0.999433		1	0
8	0.999927	7.35182E-05	0.999837		1	0
9	0.999819	0.000181038	0.999598		0.851789474	0.148210526
10	0.86462	0.13538	0.699155		1	0
11	0.992382	0.00761757	0.983072		0.5099631	0.4900369
12	0.999101	0.000898983	0.998002		0.962071481	0.037928519
13	0.903016	0.0969839	0.78448		0.565700185	0.434299815
14	0.997919	0.00208062	0.995376		0.665097116	0.334902884
15	0.981129	0.0188711	0.958064		0.717891611	0.282108389
16	0.999684	0.000316332	0.999297		0.919799499	0.080200501
17	0.0012774	0.998723	0.997161		0.78805395	0.21194605
18	0.918804	0.081196	0.819565		0.751908397	0.248091603
19	0.999415	0.000584602	0.998701		0.666666667	0.333333333
20	0.00244639	0.997554	0.994564		0.703504043	0.296495957
21	0.0383506	0.961649	0.914777		0.256410256	0.743589744
22	0.997836	0.00216363	0.995192		1	0
23	0.999992	7.48983E-06	0.999983		0.976918638	0.023081362
24	0.0444647	0.955535	0.90119		0.511873351	0.488126649
25	0.0326225	0.967377	0.927505		0.717771304	0.282228696
26	0.979251	0.0207491	0.953891		0.714321295	0.285678705
27	5.69553E-05	0.999943	0.999873		0.395470383	0.604529617
28	0.995487	0.0045132	0.989971		0.733858268	0.266141732
29	0.999744	0.000256456	0.99943		0.96969697	0.03030303
30	0.0140662	0.985934	0.968742		0.199776786	0.800223214
31	0.950229	0.0497714	0.889397		0.865237366	0.134762634
32	0.214133	0.785867	0.524149		0.564275397	0.435724603
33	0.425878	0.574122	0.0536039		0.704595186	0.295404814
34	0.988455	0.0115455	0.974344		0.787827352	0.212172648
35	0.978439	0.0215609	0.952087		0.771573604	0.228426396
36	0.999713	0.000287425	0.999361		0.804400978	0.195599022
37	0.934482	0.0655179	0.854405		0.912116679	0.087883321
38	0.999504	0.000496394	0.998897		0.781478298	0.218521702
39	0.950908	0.0490917	0.890907		0.898050139	0.101949861
40	0.00303922	0.996961	0.993246		0.918091809	0.081908191
41	0.00415431	0.995846	0.990768		1	0
42	0.998303	0.00169688	0.996229		1	0
43	0.697576	0.302424	0.327946		0.598574822	0.401425178
44	0.999828	0.000171622	0.999619		0.756711409	0.243288591
45	0.99985	0.00015016	0.999666		1	0
46	0.0301648	0.969835	0.932967		0.502074689	0.497925311
47	0.0731846	0.926815	0.837368		0.244521338	0.755478662
48	0.999924	7.54793E-05	0.999832		1	0
49	0.976489	0.0235113	0.947753		0.689440994	0.310559006
50	0.937535	0.0624649	0.861189		0.748438387	0.251561613
51	0.999993	6.82783E-06	0.999985		1	0
52	0.99623	0.00377016	0.991622		0.927697442	0.072302558
53	0.996878	0.00312162	0.993063		0.965065502	0.034934498
54	0.999942	5.80641E-05	0.999871		1	0
55	0.998142	0.00185799	0.995871		0.788273616	0.211726384
56	0.996167	0.00383304	0.991482		1	0
57	0.997814	0.0021863	0.995142		0.905979381	0.094020619
58	0.97292	0.0270797	0.939823		0.766522989	0.233477011
59	0.999925	7.46884E-05	0.999834		1	0
60	0.978513	0.0214869	0.952251		1	0
61	0.998916	0.00108433	0.99759		1	0
62	0.969091	0.0309089	0.931313		1	0
63	0.564558	0.435442	0.0323513		0.667357708	0.332642292
64	0.99992	7.99454E-05	0.999822		0.65191447	0.34808553
65	0.999989	1.09142E-05	0.999976		1	0
66	0.144229	0.855771	0.679491		0.558396782	0.441603218
67	0.978952	0.0210483	0.953226		0.890909091	0.109090909
68	0.645452	0.354548	0.212115		0.553235908	0.446764092
69	0.999991	8.73344E-06	0.999981		0.962564343	0.037435657
70	0.999987	1.29868E-05	0.999971		1	0
71	0.996707	0.00329261	0.992683		0.817106711	0.182893289
72	0.999444	0.000555628	0.998765		0.972105997	0.027894003
73	0.999951	4.87357E-05	0.999892		1	0
74	0.987916	0.0120843	0.973146		1	0
75	0.998684	0.00131599	0.997076		1	0
76	0.998558	0.00144225	0.996795		0.742268041	0.257731959
77	0.999994	6.53749E-06	0.999986		1	0
78	0.498987	0.501013	0.979734		0.595220314	0.404779686
79	0.770833	0.229167	0.490741		0.745497259	0.254502741
80	0.999991	8.87204E-06	0.99998		0.892055268	0.107944732
81	0.889576	0.110424	0.754613		0.9140625	0.0859375
82	0.991603	0.00839674	0.981341		0.959349593	0.040650407
83	2.06324E-05	0.999979	0.999954		0	1
84	3.62609E-05	0.999964	0.999919		0.327156094	0.672843906
85	0.837877	0.162123	0.639727		0.82055939	0.17944061
86	0.999851	0.000149142	0.999669		0.805194805	0.194805195
87	0.999981	1.86884E-05	0.999958		0.97211572	0.02788428
88	0.998711	0.00128899	0.997136		0.966386555	0.033613445
89	0.99921	0.000790012	0.998244		0.961427194	0.038572806
90	0.999873	0.000126819	0.999718		0.833333333	0.166666667
91	0.91567	0.0843303	0.812599		0.531013616	0.468986384
92	0.55058	0.44942	0.00128799		0.419318182	0.580681818
93	0.998864	0.0011359	0.997476		0.524753651	0.475246349
94	0.995132	0.00486766	0.989183		0.866543095	0.133456905
95	0.999895	0.000105093	0.999766		0.912863071	0.087136929
96	0.999991	9.4426E-06	0.999979		1	0
97	0.984793	0.0152069	0.966207		0.550670885	0.449329115
98	0.998052	0.0019481	0.995671		1	0
99	0.999975	0.000025194	0.999944		1	0
100	0.999956	4.37998E-05	0.999903		1	0
101	0.996504	0.00349584	0.992232		1	0
102	0.999222	0.000778172	0.998271		0.875868918	0.124131082
103	0.995353	0.00464687	0.989674		0.814814815	0.185185185
104	0.989799	0.0102007	0.977332		0.924398625	0.075601375
105	0.9841	0.0159004	0.964666		0.483516484	0.516483516
106	0.988837	0.011163	0.975193		1	0
107	0.999899	0.00010128	0.999775		0.955471827	0.044528173
108	0.999992	7.72194E-06	0.999983		0.974826935	0.025173065
109	0.999889	0.000110954	0.999753		1	0
110	0.999933	6.73933E-05	0.99985		1	0
111	0.998343	0.00165661	0.996319		0.689089418	0.310910582
112	0.997242	0.00275775	0.993872		0.867791842	0.132208158
113	0.97646	0.0235397	0.94769		0.653846154	0.346153846
114	0.997587	0.00241315	0.994638		0.745411486	0.254588514
115	0.911456	0.0885436	0.803236		0.851943755	0.148056245
116	0.967742	0.0322581	0.928315		0.762419006	0.237580994
117	0.999028	0.000971965	0.99784		1	0
118	0.546309	0.453691	0.0738239		0.72345337	0.27654663
119	0.997191	0.00280874	0.993758		0.895833333	0.104166667
120	0.999157	0.000843419	0.998126		0.439069767	0.560930233
121	0.999857	0.000142953	0.999682		0.883630721	0.116369279
122	0.991515	0.00848479	0.981145		0.747089087	0.252910913
123	0.999801	0.000199061	0.999558		1	0
124	0.999759	0.00024143	0.999464		0.896608768	0.103391232
125	0.999691	0.000308859	0.999314		0.743034056	0.256965944
126	0.975288	0.0247122	0.945084		1	0
127	0.99991	9.02107E-05	0.999799		1	0
128	0.992147	0.00785283	0.982549		0.969040248	0.030959752
129	0.900702	0.0992982	0.779337		0.301587302	0.698412698
130	0.999572	0.000428384	0.999048		0.735224586	0.264775414
131	0.000148619	0.999851	0.99967		0.142011834	0.857988166
132	0.99972	0.000279752	0.999378		0.71225457	0.28774543
133	0.995006	0.00499418	0.988902		0.619771863	0.380228137
134	0.999936	6.41189E-05	0.999857		0.814786585	0.185213415
135	0.996294	0.00370629	0.991764		0.708737864	0.291262136
136	0.000691471	0.999309	0.998464		0.32038835	0.67961165
137	0.998966	0.00103454	0.997701		0.73756075	0.26243925
138	0.986216	0.0137841	0.969369		0.887640449	0.112359551
139	0.0317638	0.968236	0.929414		0.668493151	0.331506849
140	0.755779	0.244221	0.457287		1	0
141	0.999455	0.000545072	0.998789		1	0
142	0.929177	0.0708227	0.842616		0.932926829	0.067073171
143	0.999993	7.16485E-06	0.999984		0.990829895	0.009170105
144	0.999154	0.000845838	0.99812		0.912280702	0.087719298
145	0.994398	0.00560169	0.987552		0.766160262	0.233839738
146	0.999991	9.42888E-06	0.999979		0.945945946	0.054054054
147	0.994041	0.00595913	0.986758		1	0
148	0.782023	0.217977	0.515606		0.947368421	0.052631579
149	0.484092	0.515908	0.681838		0.790110468	0.209889532
150	0.543589	0.456411	0.128223		0.397344229	0.602655771
151	0.982933	0.0170669	0.962074		0.79966611	0.20033389
152	0.989839	0.0101615	0.977419		0.684337349	0.315662651
153	0.998692	0.00130818	0.997093		1	0
154	0.999984	1.60755E-05	0.999964		1	0
155	0.999953	4.68117E-05	0.999896		0.893410853	0.106589147
156	0.967083	0.0329173	0.926851		0.791417166	0.208582834
157	0.999989	1.04956E-05	0.999977		1	0
158	0.999944	5.55742E-05	0.999876		0.945382883	0.054617117
159	0.989854	0.010146	0.977453		0.830508475	0.169491525
160	0.999968	3.17064E-05	0.99993		1	0
161	0.999992	7.84049E-06	0.999983		1	0
162	0.366328	0.633672	0.185937		0.607015986	0.392984014
163	0.999836	0.000163958	0.999636		0.822629969	0.177370031
164	0.983536	0.0164639	0.963413		1	0
165	0.000510718	0.999489	0.998865		0.193548387	0.806451613
166	0.998045	0.00195455	0.995657		1	0
167	0.994114	0.005886	0.98692		0.702970297	0.297029703
168	0.706308	0.293692	0.347351		0.923896499	0.076103501
169	0.984826	0.0151739	0.96628		1	0
170	0.998872	0.00112794	0.997493		1	0
171	0.26455	0.73545	0.412111		0.605786618	0.394213382
172	0.252266	0.747734	0.43941		0.46042471	0.53957529
173	0.9999	9.97714E-05	0.999778		0.920322292	0.079677708
174	0.999988	1.15691E-05	0.999974		0.616184971	0.383815029
175	0.948822	0.0511783	0.886271		0	0
176	0.998687	0.00131339	0.997081		0.464285714	0.535714286
177	0.819543	0.180457	0.598983		0.62248996	0.37751004
178	3.22561E-06	0.999997	0.999993		0.031542056	0.968457944
179	0.0199481	0.980052	0.955671		0.187617261	0.812382739
180	0.983305	0.0166952	0.9629		0.841610037	0.158389963
181	0.0314659	0.968534	0.930076		0.721925134	0.278074866
182	0.997701	0.00229894	0.994891		1	0
183	0.999225	0.000775175	0.998277		1	0
184	0.999985	1.54861E-05	0.999966		0.900872324	0.099127676
185	0.999936	6.35339E-05	0.999859		1	0
186	0.429728	0.570272	0.0450483		0.653551624	0.346448376
187	0.65334	0.34666	0.229645		0.475374732	0.524625268
188	0.999961	3.91104E-05	0.999913		0.866345675	0.133654325
189	0.00137209	0.998628	0.996951		0.529411765	0.470588235
190	0.993389	0.00661066	0.98531		0.796451454	0.203548546
191	0.437726	0.562274	0.0272751		0.798974359	0.201025641
192	0.999053	0.000947248	0.997895		0.943181818	0.056818182
193	0.000435458	0.999565	0.999032		0.161290323	0.838709677
194	2.73252E-05	0.999973	0.999939		0.127789047	0.872210953
195	0.991296	0.00870372	0.980659		0.61014772	0.38985228
196	0.359299	0.640701	0.201558		0.11037234	0.88962766
197	0.99993	6.99062E-05	0.999845		0.819277108	0.180722892
198	0.99974	0.000259585	0.999423		0.798293251	0.201706749
199	0.901636	0.0983644	0.781413		1	0
200	0.999251	0.000748993	0.998336		1	0
201	0.411496	0.588504	0.0855638		0.658730159	0.341269841
202	0.999905	9.52344E-05	0.999788		0.908991627	0.091008373
203	0.997926	0.00207427	0.995391		0.690594059	0.309405941
204	0.684455	0.315545	0.298789		0.672146119	0.327853881
205	0.835744	0.164256	0.634987		0.554606467	0.445393533
206	0.986983	0.0130171	0.971073		0.411764706	0.588235294
207	0.999077	0.000923218	0.997948		0.672447013	0.327552987
208	0.999961	3.92176E-05	0.999913		0.96054708	0.03945292
209	0.222278	0.777723	0.50605		0.22301644	0.77698356
210	0.999976	2.43944E-05	0.999946		0.881147541	0.118852459
211	0.999841	0.000159427	0.999646		0.807569721	0.192430279
212	0.144571	0.855429	0.67873		0.824547903	0.175452097
213	0.906377	0.0936228	0.791949		0.21957672	0.78042328
214	0.981422	0.0185784	0.958715		1	0
215	0.999843	0.000157137	0.999651		0.721692112	0.278307888
216	0.519229	0.480771	0.615429		0.687461774	0.312538226
217	0.999738	0.000261814	0.999418		0.964788732	0.035211268
218	0.999968	3.22202E-05	0.999928		1	0
219	0.999963	3.65523E-05	0.999919		1	0
220	0.99999	9.87193E-06	0.999978		0.962192817	0.037807183
221	0.999848	0.000151849	0.999663		1	0
222	0.21685	0.78315	0.518112		0.737394958	0.262605042
223	0.999993	7.2562E-06	0.999984		1	0
224	0.999992	7.8166E-06	0.999983		1	0
225	0.999326	0.000673659	0.998503		0.379746835	0.620253165
226	0.999988	0.00001238	0.999972		0.676348548	0.323651452
227	0.045027	0.954973	0.89994		0.776951673	0.223048327
228	0.999979	2.05982E-05	0.999954		0.975903614	0.024096386
229	0.000479278	0.999521	0.998935		0.485678705	0.514321295
230	0.996274	0.00372611	0.99172		0.622276029	0.377723971
231	0.999515	0.000484586	0.998923		1	0
232	0.993173	0.00682689	0.984829		0.773417722	0.226582278
233	0.998707	0.00129267	0.997127		0.865030675	0.134969325
234	0.512794	0.487206	0.744124		0.434782609	0.565217391
235	0.00319516	0.996805	0.992899		0.621070518	0.378929482
236	0.991419	0.00858076	0.980932		0.910340705	0.089659295
237	0.999383	0.000616704	0.99863		1	0
238	0.992616	0.0073843	0.98359		0.685929648	0.314070352
239	0.993615	0.0063848	0.985812		0.705202312	0.294797688
240	0.999788	0.000211717	0.99953		1	0
241	0.179144	0.820855	0.601901		0.68503937	0.31496063
242	0.997386	0.00261353	0.994192		1	0
243	0.999126	0.000873698	0.998058		0.774977498	0.225022502
244	0.999233	0.000766744	0.998296		0.847389558	0.152610442
245	0.99487	0.00512959	0.988601		1	0
246	0.999978	2.21474E-05	0.999951		0.873479319	0.126520681
247	0.991023	0.00897691	0.980051		0.907088782	0.092911218
248	0.0245639	0.975436	0.945414		0.821428571	0.178571429
249	0.462853	0.537147	0.257068		0.710280374	0.289719626
250	0.536057	0.463943	0.278854		0.915254237	0.084745763
251	8.44036E-05	0.999916	0.999812		0.307644883	0.692355117
252	0.0214435	0.978557	0.952348		0.174603175	0.825396825
253	0.303583	0.696417	0.325371		0.822134387	0.177865613
254	0.99908	0.000919656	0.997956		0.968	0.032
255	0.999975	0.000025211	0.999944		1	0
256	0.000404795	0.999595	0.999101		0.309734513	0.690265487
257	0.967158	0.0328419	0.927018		1	0
258	0.999654	0.000346311	0.99923		0.692431562	0.307568438
259	0.824506	0.175495	0.610012		0.567773167	0.432226833
260	0.981714	0.0182863	0.959364		1	0
261	0.999989	1.11005E-05	0.999976		0.996367599	0.003632401
262	0.648277	0.351723	0.218394		1	0
263	0.99993	7.03996E-05	0.999844		0.823453608	0.176546392
264	0.999936	6.38585E-05	0.999858		0.967479675	0.032520325
265	0.998953	0.00104699	0.997673		0.948320413	0.051679587
266	0.999262	0.00073819	0.99836		1	0
267	0.0022019	0.997798	0.995107		0.740809879	0.259190121
268	0.999966	3.35792E-05	0.999925		0.965899403	0.034100597
269	0.923259	0.0767412	0.829464		0.458666667	0.541333333
270	0.997868	0.00213168	0.995263		0.774596907	0.225403093
271	0.990802	0.00919836	0.979559		0.963343109	0.036656891
272	0.999928	0.000072415	0.999839		0.861791884	0.138208116
273	0.994259	0.00574135	0.987241		1	0
274	0.999902	9.75618E-05	0.999783		1	0
275	0.999438	0.000561886	0.998751		0.887323944	0.112676056
276	0.727545	0.272455	0.394544		0.47318612	0.52681388
277	0.00115036	0.99885	0.997444		0.370349493	0.629650507
278	0.909083	0.0909174	0.797961		0.617182131	0.382817869
279	0.0182981	0.981702	0.959338		0.684060043	0.315939957
280	0.989487	0.0105131	0.976638		0.849578821	0.150421179
281	0.00797004	0.99203	0.982289		0.556818182	0.443181818
282	0.99997	2.96668E-05	0.999934		0.583779648	0.416220352
283	0.99956	0.000440281	0.999022		0.761715647	0.238284353
284	0.00220094	0.997799	0.995109		0.801980198	0.198019802
285	0.983332	0.0166683	0.962959		0.701421801	0.298578199
286	0.984768	0.015232	0.966151		0.877358491	0.122641509
287	0.912609	0.0873913	0.805797		0.962025316	0.037974684
288	0.864195	0.135805	0.69821		0.707187223	0.292812777
289	0.999134	0.000865706	0.998076		0.750534569	0.249465431
290	0.986124	0.0138757	0.969165		1	0
291	0.986852	0.0131483	0.970781		0.834070796	0.165929204
292	0.995041	0.00495851	0.988981		0.925925926	0.074074074
293	0.99962	0.00037948	0.999157		1	0
294	0.00034577	0.999654	0.999232		0.432923833	0.567076167
295	0.99984	0.000159846	0.999645		1	0
296	0.999992	7.50683E-06	0.999983		0.916506349	0.083493651
297	0.991692	0.00830764	0.981539		0.815789474	0.184210526
298	0.560301	0.439699	0.0228907		1	0
299	0.999829	0.000171357	0.999619		0.848085632	0.151914368
300	0.999097	0.000903313	0.997993		0.85136742	0.14863258
301	0.991041	0.00895882	0.980092		0.639570552	0.360429448
302	0.00222719	0.997773	0.995051		0	1
303	0.806978	0.193022	0.571062		0.754901961	0.245098039
304	0.97178	0.0282198	0.93729		0.822908205	0.177091795
305	0.224141	0.775859	0.501908		0.517324738	0.482675262
306	0.997723	0.00227672	0.994941		0.911504425	0.088495575
307	0.999875	0.00012484	0.999722		0.622340426	0.377659574
308	0.964483	0.035517	0.921073		0.809848854	0.190151146
309	0.999307	0.000692896	0.99846		0.83951089	0.16048911
310	1.51816E-05	0.999985	0.999966		0.490965732	0.509034268
311	0.999946	5.39385E-05	0.99988		0.972832239	0.027167761
312	0.999941	5.91171E-05	0.999869		0.95761194	0.04238806
313	0.726615	0.273385	0.392479		0.712494501	0.287505499
314	0.999266	0.000734425	0.998368		1	0
315	0.992304	0.00769625	0.982897		0.445822994	0.554177006
316	0.999895	0.000104815	0.999767		0.871599204	0.128400796
317	0.543784	0.456216	0.12431		0.803001876	0.196998124
318	0.024997	0.975003	0.944451		0.169921875	0.830078125
319	0.92744	0.0725595	0.838757		0.669943094	0.330056906
320	0.995274	0.00472612	0.989498		0.677668901	0.322331099
321	0.996702	0.00329851	0.99267		0.982	0.018
322	0.999842	0.000157681	0.99965		0.849740933	0.150259067
323	0.0184542	0.981546	0.958991		0.412434083	0.587565917
324	0.998271	0.00172906	0.996158		0.720546205	0.279453795
325	0.999974	2.57703E-05	0.999943		1	0
326	0.0023238	0.997676	0.994836		0.428715875	0.571284125
327	0.662057	0.337943	0.249016		0.606593407	0.393406593
328	0.976552	0.0234477	0.947894		0.818333333	0.181666667
329	0.98453	0.0154698	0.965623		0.311377246	0.688622754
330	0.984457	0.0155434	0.965459		1	0
331	0.999905	9.48181E-05	0.999789		0.889349931	0.110650069
332	0.999434	0.000565953	0.998742		0.596774194	0.403225806
333	0.999364	0.000635633	0.998587		0.743589744	0.256410256
334	0.956792	0.0432079	0.903982		0.269106566	0.730893434
335	0.0276416	0.972358	0.938574		0.813508065	0.186491935
336	0.869029	0.130971	0.708953		0.577056779	0.422943221
337	0.999984	1.61308E-05	0.999964		1	0
338	0.799469	0.200531	0.554375		0.786281179	0.213718821
339	0.99999	9.73757E-06	0.999978		0.976387249	0.023612751
340	0.999986	1.36682E-05	0.99997		0.562878278	0.437121722
341	0.993402	0.00659828	0.985337		1	0
342	0.269973	0.730027	0.400059		0.536439665	0.463560335
343	0.999982	1.84423E-05	0.999959		1	0
344	0.999986	1.36503E-05	0.99997		0.752308984	0.247691016
345	0.0109922	0.989008	0.975573		0.329226557	0.670773443
346	0.999984	1.56324E-05	0.999965		1	0
347	0.12357	0.87643	0.725399		0.477272727	0.522727273
348	0.138195	0.861805	0.6929		0.307307307	0.692692693
349	0.999111	0.000889341	0.998024		0.906976744	0.093023256
350	0.888754	0.111245	0.752788		0.490060501	0.509939499
351	0.622134	0.377866	0.160297		0.677419355	0.322580645
352	0.999831	0.0001686	0.999625		1	0
353	0.946959	0.0530406	0.882132		0.424495819	0.575504181
354	0.999945	5.53297E-05	0.999877		0.911063678	0.088936322
355	0.999908	9.18663E-05	0.999796		0.798324742	0.201675258
356	0.999992	7.56768E-06	0.999983		1	0
357	0.987894	0.012106	0.973098		0.60455312	0.39544688
358	0.958866	0.041134	0.908591		0.541170635	0.458829365
359	0.999113	0.00088665	0.99803		0.695802005	0.304197995
360	0.999983	1.69953E-05	0.999962		0.943480016	0.056519984
361	0.315807	0.684193	0.298206		0.612820513	0.387179487
362	0.834961	0.165039	0.633247		0.739766082	0.260233918
363	0.967953	0.0320469	0.928785		0.613987284	0.386012716
364	0.995273	0.0047269	0.989496		0.510764263	0.489235737
365	0.0022263	0.997774	0.995053		0.525790824	0.474209176
366	0.00292706	0.997073	0.993495		0.336236274	0.663763726
367	0.000167279	0.999833	0.999628		0.222614841	0.777385159
368	0.998748	0.00125235	0.997217		0.888093689	0.111906311
369	0.157282	0.842718	0.650484		0.298701299	0.701298701
370	0.999984	1.58928E-05	0.999965		0.735138317	0.264861683
371	0.993272	0.00672758	0.98505		0.957251908	0.042748092
372	0.992849	0.00715136	0.984108		0.797066015	0.202933985
373	0.966222	0.0337781	0.924938		0.776785714	0.223214286
374	0.998864	0.00113603	0.997475		0.974811083	0.025188917
375	0.999908	9.24606E-05	0.999795		1	0
376	0.562562	0.437438	0.0279148		0.6755084	0.3244916
377	0.951269	0.0487311	0.891709		0.420382166	0.579617834
378	0.999782	0.00021752	0.999517		0.722530522	0.277469478
379	0.825235	0.174764	0.611634		0.362244898	0.637755102
380	0.984671	0.0153289	0.965936		0.656355077	0.343644923
381	0.633845	0.366155	0.186322		0.534264804	0.465735196
382	0.999565	0.000434635	0.999034		1	0
383	0.998228	0.00177213	0.996062		0.763765219	0.236234781
384	0.936495	0.0635055	0.858877		0.792060491	0.207939509
385	0.993979	0.00602057	0.986621		0.578411405	0.421588595
386	0.981484	0.0185156	0.958854		0.633967789	0.366032211
387	0.712999	0.287001	0.362219		0.801558016	0.198441984
388	0.127368	0.872633	0.716961		0.501278772	0.498721228
389	0.999945	5.49299E-05	0.999878		1	0
390	0.0429436	0.957056	0.90457		0	1
391	0.999585	0.000414957	0.999078		0.922839506	0.077160494
392	0.943161	0.056839	0.873691		0.681762546	0.318237454
393	0.999992	8.34728E-06	0.999981		1	0
394	0.998416	0.00158424	0.99648		0.853747715	0.146252285
395	0.999902	9.79407E-05	0.999782		0.96723301	0.03276699
396	0.00866999	0.99133	0.980733		0.213023256	0.786976744
397	0.997666	0.00233359	0.994814		0.511379471	0.488620529
398	0.999451	0.000549064	0.99878		0.981659789	0.018340211
399	0.999916	8.38157E-05	0.999814		0.739485248	0.260514752
400	2.96321E-06	0.999997	0.999994		0.386340977	0.613659023
401	0.989166	0.0108341	0.975924		0.754202192	0.245797808
402	0.924097	0.0759026	0.831327		0.504643963	0.495356037
403	0.999667	0.000332591	0.999261		1	0
404	0.96099	0.0390104	0.91331		1	0
405	0.999692	0.000308357	0.999315		0.951278928	0.048721072
406	0.997976	0.00202405	0.995502		0.802839117	0.197160883
407	0.999989	1.07177E-05	0.999976		1	0
408	0.99998	1.99341E-05	0.999956		1	0
409	0.000303183	0.999697	0.999326		0.571628232	0.428371768
410	0.999928	7.19965E-05	0.99984		0.812077174	0.187922826
411	0.937902	0.0620982	0.862004		0.921414538	0.078585462
412	0.976138	0.0238615	0.946974		0.709497207	0.290502793
413	0.986625	0.0133749	0.970278		0.566637246	0.433362754
414	0.672516	0.327484	0.272257		1	0
415	0.999989	1.08018E-05	0.999976		0.98235813	0.01764187
416	0.990407	0.00959298	0.978682		0.818718764	0.181281236
417	0.999908	9.24495E-05	0.999795		1	0
418	0.999766	0.000234153	0.99948		0.905734485	0.094265515
419	0.999994	6.28303E-06	0.999986		0.527214022	0.472785978
420	0.999992	8.12688E-06	0.999982		1	0
421	0.862497	0.137503	0.694437		0.628712871	0.371287129
422	0.997947	0.00205329	0.995437		0.725274725	0.274725275
423	0.999986	0.000014367	0.999968		1	0
424	0.997563	0.00243666	0.994585		0.809384164	0.190615836
425	0.999991	8.99771E-06	0.99998		0.802856256	0.197143744
426	0.00183626	0.998164	0.995919		0.47961165	0.52038835
427	0.992017	0.00798312	0.98226		0.830097087	0.169902913
428	0.949991	0.0500086	0.88887		0.885519802	0.114480198
429	0.999714	0.000285646	0.999365		1	0
430	0.768171	0.231829	0.484824		0.72	0.28
431	0.999904	9.62073E-05	0.999786		0.644736842	0.355263158
432	0.999314	0.000685535	0.998477		1	0
433	0.00745893	0.992541	0.983425		1	0
434	0.00005581	0.999944	0.999876		0	1
435	0.00737338	0.992627	0.983615		0.346555324	0.653444676
436	0.016375	0.983625	0.963611		0.651795143	0.348204857
437	0.999878	0.000121909	0.999729		1	0
438	0.999993	7.08437E-06	0.999984		0.840301974	0.159698026
439	0.995903	0.00409722	0.990895		1	0
440	0.999703	0.000296806	0.99934		0.882491187	0.117508813
441	0.99904	0.000960012	0.997867		0.787621359	0.212378641
442	0.230021	0.769979	0.488843		0.965265082	0.034734918
443	0.00310416	0.996896	0.993102		0.5625	0.4375
444	0.0787367	0.921263	0.82503		0.507952796	0.492047204
445	0.121293	0.878707	0.730461		0.576714801	0.423285199
446	0.972067	0.0279334	0.937926		0.295187166	0.704812834
447	0.983904	0.0160958	0.964232		0.549093974	0.450906026
448	0.783301	0.216699	0.518448		0.905392621	0.094607379
449	0.154994	0.845006	0.655569		0.507878788	0.492121212
450	0.99791	0.00208969	0.995356		0.759377212	0.240622788
451	0.994424	0.00557629	0.987608		0.675936566	0.324063434
452	0.999988	1.22773E-05	0.999973		0.818321392	0.181678608
453	0.9998	0.000199856	0.999556		1	0
454	0.993498	0.00650195	0.985551		0.578199052	0.421800948
455	0.998966	0.00103378	0.997703		0.894009217	0.105990783
456	0.999918	8.20488E-05	0.999818		0.867374005	0.132625995
457	0.973617	0.0263831	0.941371		0.254341164	0.745658836
458	0.000172319	0.999828	0.999617		0.222431668	0.777568332
459	0.990038	0.00996243	0.977861		0.598938992	0.401061008
460	0.995668	0.00433199	0.990373		1	0
461	0.999987	1.28065E-05	0.999971		0.911875787	0.088124213
462	0.996561	0.00343927	0.992357		0.680511182	0.319488818
463	0.23954	0.76046	0.467688		0.662557781	0.337442219
464	0.996823	0.00317725	0.992939		0.858980703	0.141019297
465	0.999987	0.000012815	0.999972		0.675619835	0.324380165
466	0.999505	0.000494621	0.998901		0.967087219	0.032912781
467	0.158015	0.841985	0.648855		0.13877551	0.86122449
468	0.999923	7.66888E-05	0.99983		0.988104679	0.011895321
469	0.887375	0.112625	0.749723		0.666910153	0.333089847
470	0.112481	0.887519	0.750042		0.594594595	0.405405405
471	0.18973	0.81027	0.578379		0.36023622	0.63976378
472	0.000515824	0.999484	0.998854		0.26426896	0.73573104
473	0.738494	0.261506	0.418875		0.591194969	0.408805031
474	0.997455	0.00254512	0.994344		0.900275103	0.099724897
475	0.231719	0.768281	0.485069		0.762926829	0.237073171
476	0.958832	0.0411681	0.908515		1	0
477	0.999666	0.000334041	0.999258		0.778565102	0.221434898
478	0.998585	0.00141546	0.996854		1	0
479	0.988687	0.0113132	0.97486		1	0
480	0.954955	0.0450453	0.899899		1	0
481	0.999991	9.15818E-06	0.99998		1	0
482	0.999285	0.00071529	0.99841		0.751308901	0.248691099
483	0.00635172	0.993648	0.985885		0.35335689	0.64664311
484	0.684217	0.315783	0.29826		0.797165633	0.202834367
485	0.999823	0.000177334	0.999606		0.80656304	0.19343696
486	0.999973	2.74227E-05	0.999939		0.989273264	0.010726736
487	0.998902	0.00109811	0.99756		0.818739054	0.181260946
488	0.999962	3.84497E-05	0.999915		0.946763203	0.053236797
489	0.99979	0.000209758	0.999534		1	0
490	0.996341	0.00365866	0.99187		1	0
491	0.991601	0.00839935	0.981335		1	0
492	0.00100454	0.998995	0.997768		0.414372375	0.585627625
493	0.998011	0.00198873	0.995581		0.969535415	0.030464585
494	0.999982	1.78985E-05	0.99996		0.974501992	0.025498008
495	0.00152934	0.998471	0.996601		0.801457195	0.198542805
496	0.999989	1.10096E-05	0.999976		1	0
497	0.0163648	0.983635	0.963634		0.833941606	0.166058394
498	0.00150686	0.998493	0.996651		1	0
499	0.998551	0.00144862	0.996781		0.617527862	0.382472138
500	0.999988	1.20435E-05	0.999973		0.874118832	0.125881168
501	0.95321	0.0467903	0.896022		0.849665924	0.150334076
502	0.999942	5.84982E-05	0.99987		1	0
503	0.999924	0.000076072	0.999831		0.887323944	0.112676056
504	0.999893	0.000106574	0.999763		0.895470383	0.104529617
505	0.995518	0.00448212	0.99004		0.333333333	0.666666667
506	0.999564	0.000436431	0.99903		0.484375	0.515625
507	0.999842	0.000157807	0.999649		1	0
508	0.986632	0.0133678	0.970294		0	0
509	0.00172103	0.998279	0.996176		0.698795181	0.301204819
510	0.989907	0.0100926	0.977572		0.634951456	0.365048544
511	0.233915	0.766085	0.48019		1	0
512	0.2322	0.7678	0.484001		0.76208749	0.23791251
513	0.000216098	0.999784	0.99952		0.617372577	0.382627423
514	0.999848	0.000151739	0.999663		1	0
515	0.870444	0.129556	0.712098		1	0
516	0.000275327	0.999725	0.999388		0.58542909	0.41457091
517	0.00334213	0.996658	0.992573		0.083249749	0.916750251
518	0.979302	0.0206977	0.954005		0.792769712	0.207230288
519	0.985276	0.0147235	0.967281		0.607060185	0.392939815
520	0.999679	0.000320565	0.999288		1	0
521	0.983874	0.0161257	0.964165		1	0
522	0.982376	0.0176239	0.960836		1	0
523	0.986137	0.0138628	0.969194		1	0
524	0.534972	0.465028	0.300568		0.541100786	0.458899214
525	0.988548	0.0114525	0.97455		0.449472097	0.550527903
526	0.430396	0.569604	0.0435637		0.72134874	0.27865126
527	0.964499	0.0355007	0.921109		0.557680813	0.442319187
528	0.000148864	0.999851	0.999669		0.680930233	0.319069767
529	0.999992	8.1675E-06	0.999982		1	0
530	0.999993	7.24038E-06	0.999984		1	0
531	0.999948	5.17902E-05	0.999885		1	0
532	0.999947	5.28246E-05	0.999883		0.911823647	0.088176353
533	0.999988	1.22692E-05	0.999973		1	0
534	0.999636	0.000363878	0.999191		0.926829268	0.073170732
535	0.486056	0.513944	0.721113		0.336734694	0.663265306
536	0.907303	0.0926968	0.794007		0.817407182	0.182592818
537	0.999986	1.42173E-05	0.999968		0.615540267	0.384459733
538	0.0649542	0.935046	0.855657		0.668141593	0.331858407
539	0.999387	0.000613081	0.998638		0.839228296	0.160771704
540	0.997484	0.00251568	0.99441		0.707374041	0.292625959
541	0.997586	0.00241437	0.994635		1	0
542	0.961467	0.0385334	0.91437		1	0
543	0.214688	0.785312	0.522916		0.506189821	0.493810179
544	0.00308198	0.996918	0.993151		0.246704331	0.753295669
545	0.97483	0.02517	0.944066		1	0
546	0.638492	0.361508	0.196649		0.59230165	0.40769835
547	0.989384	0.0106163	0.976408		0.78858351	0.21141649
548	0.988984	0.0110163	0.975519		0.690517241	0.309482759
549	0.000340663	0.999659	0.999243		0.132231405	0.867768595
550	0.454968	0.545032	0.0993609		0.756097561	0.243902439
551	0.998674	0.00132629	0.997053		0.973154362	0.026845638
552	0.999543	0.000457114	0.998984		0.864317181	0.135682819
553	0.999893	0.000106559	0.999763		0.199763593	0.800236407
554	0.993888	0.00611199	0.986418		0.900767544	0.099232456
555	0.490421	0.509579	0.808421		0.958333333	0.041666667
556	0.999322	0.000678015	0.998493		1	0
557	0.00408009	0.99592	0.990933		0.461641992	0.538358008
558	0.999979	2.04936E-05	0.999954		1	0
559	0.998619	0.00138128	0.99693		0.612748046	0.387251954
560	0.99948	0.000520146	0.998844		0.881305638	0.118694362
561	0.996798	0.00320172	0.992885		0.793322734	0.206677266
562	0.999689	0.000311475	0.999308		1	0
563	0.995939	0.00406126	0.990975		0.955780164	0.044219836
564	0.999776	0.00022353	0.999503		1	0
565	0.999672	0.00032787	0.999272		1	0
566	0.705017	0.294983	0.344483		0.460941828	0.539058172
567	0.998477	0.00152285	0.996616		0.966536289	0.033463711
568	0.99993	6.96889E-05	0.999845		0.914040115	0.085959885
569	0.983741	0.0162588	0.963869		0.884823035	0.115176965
570	0.999593	0.000406775	0.999096		0.894084732	0.105915268
571	0.980063	0.0199373	0.955695		0.706840391	0.293159609
572	0.350632	0.649368	0.220819		0.604743083	0.395256917
573	0.0166368	0.983363	0.963029		0.362602653	0.637397347
574	0.998826	0.0011744	0.99739		0.502332815	0.497667185
575	0.000950745	0.999049	0.997887		0.087368421	0.912631579
576	0.999622	0.00037791	0.99916		1	0
577	0.99173	0.00826977	0.981623		0.589449541	0.410550459
578	0.786091	0.213909	0.524647		0.62200756	0.37799244
579	0.999865	0.000134906	0.9997		1	0
580	0.999672	0.000328491	0.99927		1	0
581	6.50461E-05	0.999935	0.999855		0.570965126	0.429034874
582	0.963924	0.0360757	0.919832		1	0
583	0.999799	0.000201411	0.999552		0.777517564	0.222482436
584	0.995711	0.00428893	0.990469		0.490938381	0.509061619
585	0.999529	0.000470547	0.998954		0.303187546	0.696812454
586	0.999701	0.000299368	0.999335		0.949290061	0.050709939
587	0.898027	0.101973	0.773394		0.603476372	0.396523628
588	0.999987	1.31289E-05	0.999971		1	0
589	0.99915	0.000850278	0.99811		0.916013438	0.083986562
590	0.963889	0.0361111	0.919753		0.642857143	0.357142857
591	0.99295	0.00704979	0.984334		0.928109855	0.071890145
592	0.614244	0.385756	0.142764		0.555555556	0.444444444
593	0.999876	0.00012402	0.999724		0.976373302	0.023626698
594	0.999789	0.000210657	0.999532		0.728850325	0.271149675
595	0.999922	7.83388E-05	0.999826		0.571917808	0.428082192
596	0.999994	6.2238E-06	0.999986		0.740570377	0.259429623
597	0.000148401	0.999852	0.99967		0.185520362	0.814479638
598	0.160074	0.839926	0.644279		0.515034364	0.484965636
599	0.990326	0.00967432	0.978502		0.953947368	0.046052632
600	0.471365	0.528635	0.427302		0.664241746	0.335758254
601	0.999291	0.000708596	0.998425		1	0
602	0.0907342	0.909266	0.798368		0.508269463	0.491730537
603	0.956783	0.0432174	0.903961		0.909584087	0.090415913
604	0.999776	0.00022385	0.999503		0.513049645	0.486950355
605	0.999951	4.85232E-05	0.999892		1	0
606	0.925659	0.0743409	0.834798		0.659183673	0.340816327
607	0.207794	0.792206	0.538236		0.61535009	0.38464991
608	0.002677	0.997323	0.994051		0.352124183	0.647875817
609	0.904598	0.0954023	0.787995		0.516703786	0.483296214
610	0.00212392	0.997876	0.99528		0.378091873	0.621908127
611	0.999993	6.85521E-06	0.999985		1	0
612	0.994719	0.00528078	0.988265		0.857387336	0.142612664
613	0.978063	0.0219374	0.95125		1	0
614	0.825516	0.174484	0.612258		0.814020029	0.185979971
615	0.255578	0.744422	0.432049		0.5	0.5
616	0.999819	0.000180781	0.999598		0.970014993	0.029985007
617	0.998741	0.00125877	0.997203		0.838551859	0.161448141
618	0.999642	0.000358211	0.999204		0.50041632	0.49958368
619	0.999045	0.000954513	0.997879		0.590623968	0.409376032
620	0.999993	6.5674E-06	0.999985		0.825721154	0.174278846
621	0.998794	0.00120638	0.997319		0.714285714	0.285714286
622	0.999907	9.34646E-05	0.999792		0.969806763	0.030193237
623	0.797016	0.202984	0.548925		0.208333333	0.791666667
624	0.999778	0.000221901	0.999507		1	0
625	0.988581	0.011419	0.974624		0.379811805	0.620188195
626	0.211747	0.788253	0.529451		0.786396181	0.213603819
627	0.361067	0.638933	0.197629		0.27613941	0.72386059
628	0.91163	0.0883701	0.803622		1	0
629	0.999675	0.000325031	0.999278		1	0
630	0.00826615	0.991734	0.981631		0	1
631	0.998965	0.00103538	0.997699		1	0
632	0.995361	0.00463944	0.98969		0.853836784	0.146163216
633	0.834056	0.165944	0.631236		0.883162372	0.116837628
634	0.709302	0.290698	0.354004		0.593478646	0.406521354
635	0.999722	0.000277837	0.999382		0.908751555	0.091248445
636	0.999139	0.000860775	0.998087		0.967602592	0.032397408
637	0.997504	0.00249651	0.994452		0.974587039	0.025412961
638	0.999777	0.000223337	0.999504		0.832957837	0.167042163
639	0.945212	0.0547875	0.87825		0.661705007	0.338294993
640	0.999951	4.88074E-05	0.999892		0.854297694	0.145702306
641	0.998619	0.00138059	0.996932		1	0
642	0.999976	2.43447E-05	0.999946		1	0
643	0.999893	0.000106998	0.999762		1	0
644	0.368713	0.631287	0.180637		0.565552699	0.434447301
645	0.999922	7.76646E-05	0.999827		1	0
646	0.992844	0.00715626	0.984097		0.606508876	0.393491124
647	0.0542078	0.945792	0.879538		0.506706753	0.493293247
648	0.991359	0.00864147	0.980797		0.705103233	0.294896767
649	0.999528	0.000472036	0.998951		0.884863124	0.115136876
650	0.999545	0.000455351	0.998988		0.750728863	0.249271137
651	0.961281	0.0387188	0.913958		0.814814815	0.185185185
652	0.999954	4.59995E-05	0.999898		0.800365047	0.199634953
653	0.962247	0.0377534	0.916104		0.973262032	0.026737968
654	0.999815	0.000184846	0.999589		0.876046108	0.123953892
655	0.615855	0.384145	0.146345		0.816657936	0.183342064
656	0.9931	0.00690042	0.984666		0.942321557	0.057678443
657	0.942909	0.0570906	0.873132		0.8625	0.1375
658	0.999073	0.000926848	0.99794		1	0
659	0.644994	0.355006	0.211097		0.911920141	0.088079859
660	0.969919	0.0300815	0.933152		0.845070423	0.154929577
661	0.994072	0.00592765	0.986827		0.726027397	0.273972603
662	0.044555	0.955445	0.900989		0.256965944	0.743034056
663	0.000284058	0.999716	0.999369		0.32595326	0.67404674
664	0.999992	8.19194E-06	0.999982		1	0
665	0.999661	0.000339255	0.999246		1	0
666	0.997824	0.00217572	0.995165		0.723812732	0.276187268
667	4.22649E-06	0.999996	0.999991		0.377926421	0.622073579
668	0.00412291	0.995877	0.990838		0.556774687	0.443225313
669	0.000807583	0.999192	0.998205		0.44042133	0.55957867
670	0.996673	0.00332659	0.992608		0.795387345	0.204612655
671	0.696866	0.303134	0.326369		0.843663275	0.156336725
672	0.930711	0.0692888	0.846025		0	1
673	0.999984	1.59275E-05	0.999965		0.73212408	0.26787592
674	0.00205331	0.997947	0.995437		0.742930591	0.257069409
675	0.999946	5.44941E-05	0.999879		1	0
676	0.999987	1.30994E-05	0.999971		0.986831276	0.013168724
677	0.00160023	0.9984	0.996444		0.353741497	0.646258503
678	0.998994	0.00100614	0.997764		1	0
679	0.999865	0.000135061	0.9997		0.715536105	0.284463895
680	0.999888	0.000112485	0.99975		0.580645161	0.419354839
681	0.999979	2.11762E-05	0.999953		0.73006135	0.26993865
682	0.982402	0.0175984	0.960892		1	0
683	0.00142771	0.998572	0.996827		0.502941176	0.497058824
684	0.999893	0.000106751	0.999763		0.852681202	0.147318798
685	0.999914	8.64484E-05	0.999808		1	0
686	0.999992	8.05136E-06	0.999982		1	0
687	0.99999	1.00649E-05	0.999978		0.974779319	0.025220681
688	0.913988	0.086012	0.808862		0.87654321	0.12345679
689	0.990592	0.00940825	0.979093		0.673992674	0.326007326
690	0.999965	3.51181E-05	0.999922		1	0
691	0.971997	0.0280028	0.937772		0.747289973	0.252710027
692	0.998505	0.00149534	0.996677		0.954034729	0.045965271
693	0.999596	0.000403559	0.999103		1	0
694	0.985289	0.0147106	0.96731		0.576988156	0.423011844
695	0.00349401	0.996506	0.992235		0.681950087	0.318049913
696	0.673053	0.326947	0.273452		0.898785425	0.101214575
697	0.0236594	0.976341	0.947424		0.158095238	0.841904762
698	0.444178	0.555822	0.0129378		0.265	0.735
699	0.998377	0.00162345	0.996392		1	0
700	0.999257	0.000742531	0.99835		1	0
701	0.221211	0.778789	0.50842		0.372457873	0.627542127
702	0.846854	0.153146	0.659676		0.277777778	0.722222222
703	0.816084	0.183916	0.591297		0.531835206	0.468164794
704	0.999985	1.48811E-05	0.999967		0.841101695	0.158898305
705	0.83265	0.16735	0.628112		0.640614096	0.359385904
706	0.999988	1.15934E-05	0.999974		0.953709575	0.046290425
707	0.999873	0.000126543	0.999719		0.818503658	0.181496342
708	0.999964	0.000036034	0.99992		0.965575147	0.034424853
709	0.968532	0.0314683	0.930071		0.651474531	0.348525469
710	0.995104	0.00489649	0.989119		1	0
711	0.974515	0.0254847	0.943367		0.813953488	0.186046512
712	0.815764	0.184236	0.590587		0.512707722	0.487292278
713	0.999849	0.000151335	0.999664		0.727371865	0.272628135
714	0.901613	0.0983873	0.781361		0.518473652	0.481526348
715	0.999962	3.82498E-05	0.999915		0.883449883	0.116550117
716	0.00198427	0.998016	0.99559		0.612264151	0.387735849
717	0.00188343	0.998117	0.995815		0.328869048	0.671130952
718	0.999346	0.000653946	0.998547		0.577167019	0.422832981
719	0.999747	0.000253273	0.999437		0.976558338	0.023441662
720	4.16675E-06	0.999996	0.999991		0.465454545	0.534545455
721	0.999993	7.06543E-06	0.999984		0.952095808	0.047904192
722	0.992449	0.00755126	0.983219		0.94534413	0.05465587
723	0.999921	7.88074E-05	0.999825		0.502982107	0.497017893
724	0.996943	0.00305686	0.993207		0.664948454	0.335051546
725	0.999988	1.20735E-05	0.999973		0.849806202	0.150193798
726	0.999747	0.00025318	0.999437		0.970037453	0.029962547
727	0.999948	5.16036E-05	0.999885		1	0
728	0.998036	0.00196366	0.995636		0.751424133	0.248575867
729	0.000251069	0.999749	0.999442		0.542571307	0.457428693
730	0.996346	0.00365356	0.991881		0.914396887	0.085603113
731	0.999837	0.000162764	0.999638		0.845753899	0.154246101
732	0.999805	0.000195408	0.999566		0.87250102	0.12749898
733	0.996153	0.00384671	0.991452		0.568345324	0.431654676
734	0.999733	0.000267087	0.999406		1	0
735	0.996072	0.00392817	0.991271		0.810126582	0.189873418
736	0.96743	0.0325702	0.927622		0.91902834	0.08097166
737	0.998644	0.00135579	0.996987		1	0
738	0.959423	0.0405766	0.90983		0.926470588	0.073529412
739	0.0445141	0.955486	0.90108		0.606772633	0.393227367
740	0.999987	1.34479E-05	0.99997		1	0
741	0.999933	6.65498E-05	0.999852		0.483600837	0.516399163
742	0.720217	0.279783	0.378261		1	0
743	0.999966	3.44792E-05	0.999923		1	0
744	0.999448	0.00055176	0.998774		0.913716814	0.086283186
745	0.999987	0.0000131	0.999971		1	0
746	0.999992	7.8044E-06	0.999983		0.912219101	0.087780899
747	0.76856	0.23144	0.485689		0.5995996	0.4004004
748	0.999916	8.35809E-05	0.999814		0.534769833	0.465230167
749	0.999057	0.000943143	0.997904		0.880825057	0.119174943
750	0.981716	0.0182839	0.959369		0.901098901	0.098901099
751	0.0622804	0.93772	0.861599		0.035608309	0.964391691
752	0.990598	0.00940188	0.979107		0.51042471	0.48957529
753	0.992662	0.0073383	0.983693		1	0
754	0.999984	1.55541E-05	0.999965		0.847980998	0.152019002
755	0.999634	0.000366141	0.999186		0.960668633	0.039331367
756	0.99941	0.000590079	0.998689		0.96124031	0.03875969
757	0.999981	0.00001918	0.999957		0.83826007	0.16173993
758	0.978299	0.0217007	0.951776		0.806127334	0.193872666
759	0.985631	0.0143693	0.968068		0.422636103	0.577363897
760	0.989597	0.0104027	0.976883		0.989130435	0.010869565
761	0.999121	0.000878499	0.998048		0.923371648	0.076628352
762	0.052059	0.947941	0.884313		0.41322314	0.58677686
763	0.988564	0.0114359	0.974587		0.438430311	0.561569689
764	0.26324	0.73676	0.415022		0.577880718	0.422119282
765	0.893987	0.106013	0.764415		0.470644851	0.529355149
766	0.99991	9.03046E-05	0.999799		1	0
767	0.991154	0.00884611	0.980342		0.830618893	0.169381107
768	0.00269364	0.997306	0.994014		0.467178176	0.532821824
769	0.999596	0.000404179	0.999102		0.640933573	0.359066427
770	0.999905	9.53433E-05	0.999788		0.975874548	0.024125452
771	0.989223	0.0107766	0.976052		0.551724138	0.448275862
772	0.999986	1.42936E-05	0.999968		1	0
773	0.999967	3.26934E-05	0.999927		0.978506179	0.021493821
774	0.999889	0.00011144	0.999752		1	0
775	0.999968	3.18513E-05	0.999929		0.907107107	0.092892893
776	2.12983E-06	0.999998	0.999995		0.489403974	0.510596026
777	0.992564	0.00743549	0.983477		0.612557427	0.387442573
778	0.952869	0.0471308	0.895265		1	0
779	0.121413	0.878587	0.730193		0	1
780	0.959162	0.040838	0.909249		1	0
781	0.994945	0.00505488	0.988767		0.985037406	0.014962594
782	0.996672	0.00332823	0.992604		0.468973747	0.531026253
783	0.999763	0.000237011	0.999473		0.967741935	0.032258065
784	0.999993	6.7366E-06	0.999985		0.903250774	0.096749226
785	0.999992	7.90893E-06	0.999982		0.773227969	0.226772031
786	0.991849	0.00815058	0.981888		1	0
787	0.999854	0.000145493	0.999677		1	0
788	0.992291	0.00770922	0.982868		0.77124183	0.22875817
789	0.999981	1.94176E-05	0.999957		1	0
790	0.969144	0.0308563	0.93143		0.784589892	0.215410108
791	0.998884	0.00111644	0.997519		0.965517241	0.034482759
792	0.999987	1.31929E-05	0.999971		0.969149193	0.030850807
793	0.165209	0.834791	0.632869		0.970014993	0.029985007
794	0.998974	0.00102625	0.99772		0.767173571	0.232826429
795	0.995919	0.00408062	0.990932		1	0
796	0.193833	0.806167	0.569259		0.548546082	0.451453918
797	0.243337	0.756663	0.459252		0.391019645	0.608980355
798	0.338516	0.661484	0.247741		1	0
799	0.00374777	0.996252	0.991672		0.631621188	0.368378812
800	0.987356	0.0126438	0.971903		0.956331878	0.043668122
801	0.999835	0.000164456	0.999634		1	0
802	0.965511	0.0344891	0.923358		0.512195122	0.487804878
803	2.24451E-06	0.999998	0.999995		0.414276998	0.585723002
804	0.999747	0.000252732	0.999438		1	0
805	0.999972	2.75179E-05	0.999939		1	0
806	0.999985	0.000015117	0.999967		0.974635384	0.025364616
807	0.997592	0.00240767	0.994649		0.879199428	0.120800572
808	0.941764	0.0582358	0.870587		0.474789916	0.525210084
809	0.999982	1.78627E-05	0.99996		1	0
810	0.99999	1.01984E-05	0.999977		1	0
811	0.997967	0.00203349	0.995481		0.374288965	0.625711035
812	0.999828	0.000171807	0.999618		0.922462942	0.077537058
813	0.69954	0.30046	0.332311		0.637704918	0.362295082
814	0.999991	0.000008491	0.999981		0.769279393	0.230720607
815	0.00764207	0.992358	0.983018		0.493614304	0.506385696
816	0.995653	0.00434697	0.99034		0.499417249	0.500582751
817	0.999445	0.000555394	0.998766		1	0
818	0.999944	5.59368E-05	0.999876		0.904458599	0.095541401
819	0.0785888	0.921411	0.825358		0.490196078	0.509803922
820	0.774552	0.225448	0.499004		0.07325684	0.92674316
821	0.997403	0.00259669	0.99423		1	0
822	0.999614	0.000386458	0.999141		0.950626382	0.049373618
823	0.955275	0.0447247	0.900612		0.964254577	0.035745423
824	0.983393	0.0166073	0.963095		0.57018393	0.42981607
825	0.985803	0.0141967	0.968452		0.620105202	0.379894798
826	0.997952	0.00204778	0.995449		0.479446479	0.520553521
827	0.996453	0.00354684	0.992118		0.811842833	0.188157167
828	0.995322	0.0046782	0.989604		1	0
829	0.998847	0.00115333	0.997437		1	0
830	0.0969184	0.903082	0.784626		0.974522293	0.025477707
831	0.546942	0.453058	0.0611603		0.301813472	0.698186528
832	0.0229956	0.977004	0.948899		0.696177062	0.303822938
833	2.26068E-05	0.999977	0.99995		0.114754098	0.885245902
834	0.998038	0.00196234	0.995639		0.659574468	0.340425532
835	0.875542	0.124458	0.723426		0.754948805	0.245051195
836	0.999913	0.000087022	0.999807		1	0
837	0.996373	0.00362671	0.991941		1	0
838	0.961664	0.0383355	0.91481		0.593495935	0.406504065
839	0.999899	0.000100929	0.999776		1	0
840	0.999148	0.00085151	0.998108		1	0
841	0.922151	0.077849	0.827002		0.714018982	0.285981018
842	0.999769	0.000231486	0.999486		0.689850384	0.310149616
843	0.988412	0.0115882	0.974248		1	0
844	0.957546	0.0424545	0.905657		1	0
845	0.99996	4.01836E-05	0.999911		1	0
846	0.999921	7.91899E-05	0.999824		1	0
847	0.996796	0.00320389	0.99288		0.977365324	0.022634676
848	0.992049	0.00795155	0.98233		1	0
849	0.135307	0.864693	0.699318		0.478891821	0.521108179
850	0.950464	0.049536	0.88992		0.497093023	0.502906977
851	0.00143823	0.998562	0.996804		0.458104933	0.541895067
852	0.996507	0.00349265	0.992238		0.634802784	0.365197216
853	0.959016	0.0409842	0.908924		0.32885906	0.67114094
854	0.917906	0.0820942	0.817568		0.730673317	0.269326683
855	0.999838	0.000161915	0.99964		0.549633578	0.450366422
856	0.00331276	0.996687	0.992638		0.607719682	0.392280318
857	0.999937	6.34052E-05	0.999859		1	0
858	0.999993	6.66311E-06	0.999985		0.855976956	0.144023044
859	0.999952	4.84618E-05	0.999892		1	0
860	0.698925	0.301075	0.330944		0.589140271	0.410859729
861	0.997807	0.00219331	0.995126		0.621167883	0.378832117
862	0.977161	0.0228387	0.949247		0.793739519	0.206260481
863	0.0011403	0.99886	0.997466		0.146067416	0.853932584
864	0.966051	0.0339494	0.924557		0.979467681	0.020532319
865	0.983488	0.0165119	0.963307		0.796885579	0.203114421
866	0.451838	0.548162	0.036751		0.618937644	0.381062356
867	0.961002	0.0389982	0.913337		0.86417657	0.13582343
868	0.998054	0.0019456	0.995676		0.94100295	0.05899705
869	0.999891	0.000108562	0.999759		1	0
870	0.999964	3.62555E-05	0.999919		0.854443667	0.145556333
871	0.973204	0.0267959	0.940453		0.849023608	0.150976392
872	0.999879	0.00012056	0.999732		0.971679411	0.028320589
873	0.000392345	0.999608	0.999128		0.724194429	0.275805571
874	0.999986	1.35043E-05	0.99997		1	0
875	0.99707	0.00292953	0.99349		0.793814433	0.206185567
876	0.149072	0.850928	0.66873		0.579599057	0.420400943
877	0.999905	9.51099E-05	0.999789		1	0
878	0.995868	0.00413235	0.990817		0.652985075	0.347014925
879	0.985715	0.0142845	0.968257		0.949849549	0.050150451
880	0.997785	0.00221536	0.995077		0.962370649	0.037629351
881	0.999777	0.00022335	0.999504		1	0
882	0.999308	0.00069188	0.998462		1	0
883	2.58956E-06	0.999997	0.999994		0.285206259	0.714793741
884	0.998268	0.00173193	0.996151		0.807427785	0.192572215
885	0.999991	9.23041E-06	0.999979		0.65408805	0.34591195
886	0.996071	0.00392856	0.99127		1	0
887	0.959798	0.0402022	0.910662		0.521631644	0.478368356
888	0.999969	0.000031242	0.999931		0.899586533	0.100413467
889	0.00156941	0.998431	0.996512		0.264795401	0.735204599
890	0.99999	1.04406E-05	0.999977		1	0
891	0.999894	0.0001065	0.999763		0.845398773	0.154601227
892	0.999833	0.000167454	0.999628		0.78699284	0.21300716
893	0.999986	1.35574E-05	0.99997		0.465208748	0.534791252
894	0.999993	6.61085E-06	0.999985		1	0
895	0.999993	7.31016E-06	0.999984		1	0
896	0.999834	0.000166214	0.999631		0.926131117	0.073868883
897	0.999884	0.000115732	0.999743		0.680327869	0.319672131
898	0.135239	0.864761	0.69947		0.460585027	0.539414973
899	0.0399488	0.960051	0.911225		0.902325581	0.097674419
900	0.99854	0.00145994	0.996756		1	0
901	0.00064471	0.999355	0.998567		0.635600336	0.364399664
902	0.998761	0.00123849	0.997248		1	0
903	0.999404	0.000595976	0.998676		0.791164659	0.208835341
904	0.995189	0.00481071	0.989309		0.830938292	0.169061708
905	0.56132	0.43868	0.0251558		0.681177977	0.318822023
906	0.99944	0.000560132	0.998755		0.810218978	0.189781022
907	0.855852	0.144148	0.679672		0.638477801	0.361522199
908	0.998763	0.00123709	0.997251		0.541511772	0.458488228
909	0.999879	0.000121163	0.999731		0.608656447	0.391343553
910	0.189941	0.810059	0.577908		0.657874906	0.342125094
911	0.998772	0.00122816	0.997271		0.823586274	0.176413726
912	0.029314	0.970686	0.934858		0.794344473	0.205655527
913	0.999525	0.000474741	0.998945		0.383161512	0.616838488
914	0.983067	0.0169331	0.962371		0.886987312	0.113012688
915	0.753158	0.246842	0.451463		0.579865772	0.420134228
916	0.999096	0.0009037	0.997992		0.757975798	0.242024202
917	0.998926	0.00107439	0.997612		0.868766404	0.131233596
918	0.999975	2.48623E-05	0.999945		1	0
919	0.999946	5.40565E-05	0.99988		1	0
920	0.999868	0.000131705	0.999707		1	0
921	0.87934	0.12066	0.731867		0.593818985	0.406181015
922	0.00606238	0.993938	0.986528		0.612503967	0.387496033
923	0.996227	0.00377315	0.991615		0.452788104	0.547211896
924	0.936278	0.0637224	0.858395		0.478838583	0.521161417
925	0.996737	0.00326294	0.992749		0.839480874	0.160519126
926	0.965341	0.0346587	0.922981		0.68115942	0.31884058
927	0.427265	0.572735	0.0505225		0.904761905	0.095238095
928	0.990833	0.00916712	0.979629		0.781420765	0.218579235
929	0.999722	0.000278465	0.999381		1	0
930	0.999907	9.29568E-05	0.999793		1	0
931	0.997924	0.00207605	0.995386		1	0
932	0.999795	0.000205172	0.999544		0.917820868	0.082179132
933	0.999888	0.000111919	0.999751		0.637965559	0.362034441
934	0.789215	0.210785	0.531588		0.656390977	0.343609023
935	0.999002	0.00099792	0.997782		1	0
936	0.997728	0.00227226	0.994951		0.617073925	0.382926075
937	0.999662	0.000338538	0.999248		1	0
938	0.999151	0.000848573	0.998114		0	0
939	0.999932	6.83833E-05	0.999848		0.926324503	0.073675497
940	0.989039	0.0109608	0.975643		0.920390344	0.079609656
941	0.999788	0.000212345	0.999528		1	0
942	0.999427	0.000573386	0.998726		0.974502805	0.025497195
943	0.993338	0.00666178	0.985196		0.469094923	0.530905077
944	0.424214	0.575786	0.0573021		0.504424779	0.495575221
945	0.999944	0.000055944	0.999876		0.934556575	0.065443425
946	0.999883	0.000116857	0.99974		0.876160991	0.123839009
947	0.940096	0.0599044	0.866879		1	0
948	0.999992	7.91904E-06	0.999982		0.917355372	0.082644628
949	0.998746	0.00125429	0.997213		1	0
950	0.328729	0.671271	0.26949		0.922506183	0.077493817
951	0.0526729	0.947327	0.882949		0.103053435	0.896946565
952	0.614716	0.385284	0.143814		0.855967078	0.144032922
953	0.999953	4.67136E-05	0.999896		1	0
954	0.997797	0.00220284	0.995105		0.914342962	0.085657038
955	0.999863	0.00013676	0.999696		0.862068966	0.137931034
956	0.999978	2.17384E-05	0.999952		1	0
957	0.995244	0.00475587	0.989431		0.980459209	0.019540791
958	0.999879	0.000121336	0.99973		0.767683773	0.232316227
959	0.970034	0.0299661	0.933409		0.809630459	0.190369541
960	0.999912	8.78127E-05	0.999805		0.827859306	0.172140694
961	0.203568	0.796432	0.547627		0.540188269	0.459811731
962	0.999672	0.000328006	0.999271		0.53907496	0.46092504
963	0.925492	0.0745082	0.834426		0.376181474	0.623818526
964	0.997459	0.00254132	0.994353		1	0
965	0.999795	0.000205086	0.999544		1	0
966	0.999957	4.30521E-05	0.999904		0.960324617	0.039675383
967	0.999991	8.77865E-06	0.99998		0.880205362	0.119794638
968	0.999202	0.000797528	0.998228		0.832214765	0.167785235
969	0.999142	0.000857646	0.998094		0.638929088	0.361070912
970	0.988235	0.0117653	0.973855		0.937888199	0.062111801
971	0.999983	1.70233E-05	0.999962		0.81932443	0.18067557
972	0.880573	0.119427	0.734607		0.973992198	0.026007802
973	0.999733	0.000267273	0.999406		1	0
974	0.217604	0.782396	0.516436		0.65437788	0.34562212
975	0.231265	0.768735	0.486077		0.560751566	0.439248434
976	0.998149	0.00185117	0.995886		0.487616099	0.512383901
977	0.99993	7.01375E-05	0.999844		1	0
978	0.995403	0.00459699	0.989785		0.761677788	0.238322212
979	0.999831	0.00016898	0.999625		1	0
980	0.999963	3.72675E-05	0.999917		0.788878843	0.211121157
981	0.999862	0.000137739	0.999694		0.845150172	0.154849828
982	0.995495	0.0045049	0.989989		1	0
983	0.985775	0.0142255	0.968388		1	0
984	0.999985	1.53857E-05	0.999966		0.695121951	0.304878049
985	0.999478	0.000522144	0.99884		1	0
986	0.000948295	0.999052	0.997892		0.720035253	0.279964747
987	0.0342373	0.965763	0.923917		0	1
988	0.92399	0.0760104	0.831088		0.917012448	0.082987552
989	0.999988	1.17544E-05	0.999974		0.769822201	0.230177799
990	0.0409409	0.959059	0.90902		0.454545455	0.545454545
991	0.999855	0.000144939	0.999678		0.965870307	0.034129693
992	0.0118494	0.988151	0.973668		0.956730769	0.043269231
993	0.275117	0.724883	0.388629		0.797866938	0.202133062
994	0.0252795	0.974721	0.943823		0.481605351	0.518394649
995	0.998927	0.00107325	0.997615		0.871685201	0.128314799
996	0.989502	0.0104981	0.976671		0.910007199	0.089992801
997	0.999278	0.00072218	0.998395		0.77710233	0.22289767
998	0.999982	1.79306E-05	0.99996		0.615118577	0.384881423
999	0.0350319	0.964968	0.922151		0.5	0.5
1000	0.99997	3.00224E-05	0.999933		1	0
1001	0.997448	0.00255167	0.99433		0.425654683	0.574345317
1002	0.481291	0.518709	0.625813		0.786817102	0.213182898
1003	0.762449	0.237551	0.472109		0.525899281	0.474100719
1004	0.984246	0.0157535	0.964992		0.348914858	0.651085142
1005	0.999168	0.000831826	0.998151		0.434782609	0.565217391
1006	0.935486	0.0645138	0.856636		0.748595506	0.251404494
1007	0.0017824	0.998218	0.996039		0.539252336	0.460747664
1008	0.00062043	0.99938	0.998621		0.202801868	0.797198132
1009	0.999898	0.000101652	0.999774		1	0
1010	0.99999	0.000009592	0.999979		1	0
1011	0.990568	0.00943224	0.97904		1	0
1012	0.358246	0.641754	0.203897		0.92687747	0.07312253
1013	0.999924	0.000076294	0.99983		1	0
1014	0.999992	8.38777E-06	0.999981		0.849193968	0.150806032
1015	0.992582	0.00741746	0.983517		0.470307529	0.529692471
1016	0.999884	0.00011639	0.999741		0.594808126	0.405191874
1017	0.956629	0.0433714	0.903619		0.695890411	0.304109589
1018	0.999932	6.78878E-05	0.999849		1	0
1019	0.999722	0.000277946	0.999382		0.827249022	0.172750978
1020	0.927257	0.0727431	0.838349		0.911788953	0.088211047
1021	0.978594	0.0214064	0.95243		0.597883598	0.402116402
1022	0.990777	0.0092227	0.979505		0.300758214	0.699241786
1023	0.000146047	0.999854	0.999676		0	1
1024	0.401587	0.598413	0.107585		0.120464441	0.879535559
1025	0.000777806	0.999222	0.998271		0.506234414	0.493765586
1026	0.829352	0.170648	0.620783		1	0
1027	0.999745	0.000254599	0.999434		0.961868446	0.038131554
1028	0.99949	0.000510178	0.998866		0.978971963	0.021028037
1029	0.999989	0.000010693	0.999976		1	0
1030	0.999637	0.00036269	0.999194		1	0
1031	0.999717	0.000282747	0.999372		0.806443494	0.193556506
1032	0.985772	0.0142277	0.968383		0.323308271	0.676691729
1033	0.0128666	0.987133	0.971408		0.250136537	0.749863463
1034	0.997715	0.00228542	0.994921		1	0
1035	0.991978	0.00802216	0.982173		1	0
1036	0.974192	0.0258081	0.942649		0.65121225	0.34878775
1037	0.998376	0.00162373	0.996392		0.934156379	0.065843621
1038	0.994282	0.00571776	0.987294		0.536921151	0.463078849
1039	0.992216	0.0077844	0.982701		1	0
1040	0.999977	2.34002E-05	0.999948		0.930134216	0.069865784
1041	0.999861	0.000138633	0.999692		0.740412979	0.259587021
1042	0.999487	0.000512594	0.998861		0.579650565	0.420349435
1043	0.330499	0.669501	0.265558		0.723450135	0.276549865
1044	0.976003	0.0239974	0.946672		0.701884835	0.298115165
1045	0.996328	0.00367178	0.99184		0.847098557	0.152901443
1046	0.999988	1.22169E-05	0.999973		1	0
1047	0.999219	0.000780738	0.998265		0.91349481	0.08650519
1048	0.99996	4.03052E-05	0.99991		1	0
1049	0.999831	0.000169242	0.999624		1	0
1050	0.999907	9.26022E-05	0.999794		1	0
1051	0.991118	0.00888229	0.980261		0.566137566	0.433862434
1052	0.999967	0.000033238	0.999926		1	0
1053	0.999959	4.05299E-05	0.99991		1	0
1054	0.453171	0.546829	0.0634158		0.871849637	0.128150363
1055	0.917863	0.0821367	0.817474		1	0
1056	0.990418	0.00958242	0.978706		0.625	0.375
1057	0.986799	0.0132006	0.970665		1	0
1058	0.975806	0.0241944	0.946235		0.669749009	0.330250991
1059	0.992922	0.00707762	0.984272		0.636118598	0.363881402
1060	0.000444214	0.999556	0.999013		0.752283105	0.247716895
1061	0.98181	0.0181896	0.959579		0.594339623	0.405660377
1062	0.974996	0.025004	0.944436		0.391361257	0.608638743
1063	0.0850807	0.914919	0.810932		0.655542312	0.344457688
1064	0.678858	0.321142	0.286352		0.840148699	0.159851301
1065	0.953899	0.0461006	0.897554		0.371584699	0.628415301
1066	0.999951	4.93038E-05	0.99989		1	0
1067	0.991829	0.00817139	0.981841		0.707920792	0.292079208
1068	0.910173	0.0898268	0.800385		0.940836941	0.059163059
1069	0.999682	0.00031756	0.999294		0.763353617	0.236646383
1070	0.980791	0.0192088	0.957314		0.907872697	0.092127303
1071	0.994427	0.00557301	0.987615		0.743589744	0.256410256
1072	0.996156	0.00384354	0.991459		1	0
1073	0.967614	0.0323864	0.92803		1	0
1074	0.999993	6.92664E-06	0.999985		0.984319875	0.015680125
1075	0.024895	0.975105	0.944678		0.630914826	0.369085174
1076	0.987344	0.0126555	0.971877		0.898386133	0.101613867
1077	0.903022	0.096978	0.784493		0.638728324	0.361271676
1078	0.959592	0.0404081	0.910204		0.806800618	0.193199382
1079	0.999809	0.000190623	0.999576		0.324459235	0.675540765
1080	0.00110599	0.998894	0.997542		1	0
1081	0.992751	0.00724902	0.983891		0.646680942	0.353319058
1082	0.966382	0.033618	0.925293		0.572284003	0.427715997
1083	2.63305E-06	0.999997	0.999994		0.277049976	0.722950024
1084	0.999988	1.16753E-05	0.999974		1	0
1085	0.996988	0.00301177	0.993307		0.950062422	0.049937578
1086	0.999964	3.56933E-05	0.999921		1	0
1087	0.947439	0.0525605	0.883199		0.716688228	0.283311772
1088	0.593945	0.406055	0.0976555		0.212962963	0.787037037
1089	0.112265	0.887735	0.750523		0.735880399	0.264119601
1090	0.999961	3.88049E-05	0.999914		1	0
1091	0.0537103	0.94629	0.880644		0	1
1092	0.997867	0.00213349	0.995259		1	0
1093	0.635953	0.364047	0.191006		0.724002849	0.275997151
1094	0.999955	4.50531E-05	0.9999		1	0
1095	0.999976	2.42301E-05	0.999946		0.91118565	0.08881435
1096	0.000312842	0.999687	0.999305		0.184981685	0.815018315
1097	0.0110756	0.988924	0.975388		0.696969697	0.303030303
1098	0.999498	0.000502391	0.998884		1	0
1099	0.969586	0.0304138	0.932414		0.533437014	0.466562986
1100	0.997175	0.00282485	0.993723		0.939884393	0.060115607
1101	0.00803728	0.991963	0.982139		0.387665198	0.612334802
1102	0.257161	0.742839	0.428532		0.437360179	0.562639821
1103	0.999989	1.13287E-05	0.999975		0.945092656	0.054907344
1104	0.998629	0.00137145	0.996952		1	0
1105	0.966712	0.0332878	0.926027		1	0
1106	0.997562	0.0024379	0.994582		0.603521356	0.396478644
1107	0.992587	0.0074131	0.983526		1	0
1108	0.99918	0.000819828	0.998178		1	0
1109	0.0189527	0.981047	0.957883		0.155172414	0.844827586
1110	0.999779	0.000220792	0.999509		1	0
1111	0.980693	0.0193067	0.957096		1	0
1112	0.942169	0.0578307	0.871487		0.666863556	0.333136444
1113	0.957831	0.0421693	0.90629		0.936813187	0.063186813
1114	0.241816	0.758184	0.46263		0.453474676	0.546525324
1115	0.999361	0.000639274	0.998579		0.76702509	0.23297491
1116	0.999795	0.000204776	0.999545		0.829110194	0.170889806
1117	0.962407	0.0375928	0.916461		0.637362637	0.362637363
1118	0.999919	8.09512E-05	0.99982		0.828456105	0.171543895
1119	0.999109	0.000890761	0.998021		0.778627378	0.221372622
1120	0.988453	0.0115468	0.97434		0.793814433	0.206185567
1121	0.999993	7.1807E-06	0.999984		1	0
1122	0.999978	2.24664E-05	0.99995		0.954347826	0.045652174
1123	0.999993	7.49858E-06	0.999983		1	0
1124	0.99965	0.000349821	0.999223		0.917864476	0.082135524
1125	0.999895	0.000105251	0.999766		1	0
1126	0.000331289	0.999669	0.999264		0.347826087	0.652173913
1127	0.959114	0.0408855	0.909143		0.872	0.128
1128	0.992367	0.00763302	0.983038		0.710391823	0.289608177
1129	0.82524	0.17476	0.611645		0.767042542	0.232957458
1130	0.999306	0.000694174	0.998457		1	0
1131	0.998636	0.00136419	0.996969		1	0
1132	0.996704	0.00329608	0.992676		0.907063197	0.092936803
1133	0.20421	0.79579	0.546199		0.535331906	0.464668094
1134	0.103964	0.896036	0.768969		0.720734507	0.279265493
1135	0.652349	0.347651	0.227442		0.593220339	0.406779661
1136	0.893335	0.106665	0.762967		0.485434915	0.514565085
1137	0.988886	0.0111138	0.975303		1	0
1138	0.999901	9.85942E-05	0.999781		0.898132428	0.101867572
1139	0.000573666	0.999426	0.998725		0.666666667	0.333333333
1140	0.999993	6.65521E-06	0.999985		0.911190053	0.088809947
1141	0.999993	7.3115E-06	0.999984		1	0
1142	0.999392	0.000608133	0.998649		0.913867356	0.086132644
1143	0.992692	0.00730783	0.98376		0.96223176	0.03776824
1144	0.999759	0.000240696	0.999465		1	0
1145	0.999993	7.18666E-06	0.999984		0.833536338	0.166463662
1146	0.0201089	0.979891	0.955314		0.407345576	0.592654424
1147	0.00150023	0.9985	0.996666		0.618720254	0.381279746
1148	0.860259	0.139741	0.689465		0.835390947	0.164609053
1149	0.801175	0.198825	0.558166		0.959885387	0.040114613
1150	0.99998	2.01821E-05	0.999955		1	0
1151	0.954967	0.0450328	0.899927		0.931034483	0.068965517
1152	0.999468	0.000531826	0.998818		1	0
1153	0.992655	0.00734491	0.983678		0.953931204	0.046068796
1154	0.962407	0.0375928	0.91646		0.637362637	0.362637363
1155	0.99989	0.000110068	0.999755		1	0
1156	0.999959	4.07831E-05	0.999909		0.936599424	0.063400576
1157	0.00150023	0.9985	0.996666		0.618720254	0.381279746
1158	0.860259	0.139741	0.689465		0.835390947	0.164609053
1159	0.801175	0.198825	0.558166		0.959885387	0.040114613
1160	0.99998	2.01821E-05	0.999955		1	0
1161	0.958377	0.0416232	0.907504		0.931034483	0.068965517
1162	0.999468	0.000531826	0.998818		1	0
1163	0.992655	0.00734491	0.983678		0.953931204	0.046068796
1164	0.99989	0.000110068	0.999755		1	0
1165	0.999959	4.07831E-05	0.999909		0.936599424	0.063400576
1166	0.999942	5.82533E-05	0.999871		1	0
1167	0.969695	0.0303048	0.932656		0.851158362	0.148841638
1168	0.99293	0.00707023	0.984288		0.831168831	0.168831169
1169	0.999515	0.000484494	0.998923		1	0
1170	0.998179	0.00182072	0.995954		0.910714286	0.089285714
1171	0.998288	0.00171239	0.996195		0.906315789	0.093684211
1172	0.990571	0.00942937	0.979046		0.87654321	0.12345679
1173	0.942185	0.0578152	0.871522		0.7582038	0.2417962
1174	0.961528	0.0384722	0.914506		0.683876812	0.316123188
1175	0.0489894	0.951011	0.891135		0.64381068	0.35618932
1176	0.00522941	0.994771	0.988379		0.829424307	0.170575693
1177	0.998528	0.00147244	0.996728		0.509143407	0.490856593
1178	0.554793	0.445207	0.0106504		0.084507042	0.915492958
1179	0.999652	0.000348002	0.999227		1	0
1180	0.978615	0.0213855	0.952477		0.694656489	0.305343511
1181	0.999954	4.63265E-05	0.999897		1	0
1182	0.999943	5.68386E-05	0.999874		0.942922374	0.057077626
1183	0.00072174	0.999278	0.998396		0.756874096	0.243125904
1184	0.00865004	0.99135	0.980778		0.567610563	0.432389437
1185	1.96375E-06	0.999998	0.999996		0.201285856	0.798714144
1186	0.0658334	0.934167	0.853704		0.598130841	0.401869159
1187	0.983662	0.0163376	0.963694		0.086378738	0.913621262
1188	0.163484	0.836516	0.636701		1	0
1189	0.856798	0.143202	0.681774		0.808823529	0.191176471
1190	0.000283539	0.999716	0.99937		0.247747748	0.752252252
1191	0.0121603	0.98784	0.972977		0.340189873	0.659810127
1192	0.000519202	0.999481	0.998846		0.724452555	0.275547445
1193	0.0973004	0.9027	0.783777		0.621212121	0.378787879
1194	0.993346	0.00665444	0.985212		0.758615058	0.241384942
1195	0.999926	7.39037E-05	0.999836		0.740137221	0.259862779
1196	0.152827	0.847173	0.660383		0.639249639	0.360750361
1197	0.0698965	0.930103	0.844674		0.304625984	0.695374016
1198	0.106182	0.893818	0.76404		0.559971098	0.440028902
1199	0.999921	7.93172E-05	0.999824		0.840399002	0.159600998
1200	0.998685	0.0013148	0.997078		1	0
1201	0.999993	7.03181E-06	0.999984		1	0
1202	0.00165733	0.998343	0.996317		0.140233723	0.859766277
1203	0.000514186	0.999486	0.998857		0.307883817	0.692116183
1204	0.999806	0.000193934	0.999569		0.755400254	0.244599746
1205	0.97318	0.0268197	0.940401		0.563380282	0.436619718
1206	0.999843	0.000156917	0.999651		0.971071663	0.028928337
1207	0.979726	0.0202736	0.954947		0.864378747	0.135621253
1208	0.998068	0.00193244	0.995706		0.952380952	0.047619048
1209	0.601582	0.398418	0.114628		0.8546042	0.1453958
1210	0.000101517	0.999898	0.999774		0.554331865	0.445668135
1211	0.997698	0.00230223	0.994884		1	0
1212	0.391597	0.608403	0.129783		0.555555556	0.444444444
1213	0.980655	0.0193447	0.957012		0.4	0.6
1214	0.999676	0.000324225	0.99928		0.638826185	0.361173815
1215	0.303585	0.696415	0.325366		0.480063796	0.519936204
1216	0.859114	0.140886	0.686919		1	0
1217	0.999913	8.71065E-05	0.999806		0.827462257	0.172537743
1218	0.969838	0.0301621	0.932973		0.718283582	0.281716418
1219	0.140119	0.859881	0.688625		0.172862454	0.827137546
1220	0.971756	0.028244	0.937236		1	0
1221	0.996437	0.00356287	0.992082		0.757575758	0.242424242
1222	0.990493	0.00950678	0.978874		0.794670162	0.205329838
1223	0.987867	0.0121333	0.973037		1	0
1224	0.994778	0.00522159	0.988397		0.884723788	0.115276212
1225	0.999993	7.36867E-06	0.999984		0.949612403	0.050387597
1226	0.396605	0.603395	0.118655		0.282136895	0.717863105
1227	0.999846	0.000153618	0.999659		0.966694421	0.033305579
1228	0.959318	0.0406816	0.909596		0.644012945	0.355987055
1229	0.999988	1.16628E-05	0.999974		1	0
1230	0.99971	0.000289697	0.999356		0.756906077	0.243093923
1231	0.999717	0.000283148	0.999371		0.795381177	0.204618823
1232	0.993811	0.00618894	0.986247		0.755102041	0.244897959
1233	0.999908	9.19669E-05	0.999796		0.874098558	0.125901442
1234	0.996234	0.0037661	0.991631		1	0
1235	0.988925	0.0110749	0.975389		0.577531646	0.422468354
1236	0.985553	0.0144473	0.967895		0.684047296	0.315952704
1237	0.760744	0.239256	0.468321		0.698762655	0.301237345
1238	0.979176	0.0208241	0.953724		0.755301794	0.244698206
1239	0.994492	0.00550839	0.987759		0.892086331	0.107913669
1240	0.0122236	0.987776	0.972836		0.556527171	0.443472829
1241	0.999982	1.76329E-05	0.999961		1	0
1242	0.947514	0.0524865	0.883363		0.786324786	0.213675214
1243	0.00133173	0.998668	0.997041		0.298561151	0.701438849
1244	0.999973	2.70047E-05	0.99994		0.81231454	0.18768546
1245	0.998327	0.00167301	0.996282		1	0
1246	0.000533996	0.999466	0.998813		0.239766082	0.760233918
1247	0.999174	0.000826404	0.998164		1	0
1248	0.999964	3.64903E-05	0.999919		1	0
1249	0.998552	0.00144796	0.996782		1	0
1250	0.667875	0.332125	0.261944		0.129198966	0.870801034
1251	0.892338	0.107662	0.76075		1	0
1252	0.000684118	0.999316	0.99848		0.174825175	0.825174825
1253	0.998397	0.00160253	0.996439		0.93883792	0.06116208
1254	0.971478	0.0285216	0.936619		1	0
1255	0.000957716	0.999042	0.997872		0.575539568	0.424460432
1256	0.0873373	0.912663	0.805917		0.960435213	0.039564787
1257	0.602919	0.397081	0.117599		0.637259734	0.362740266
1258	0.795237	0.204763	0.544971		0.701731025	0.298268975
1259	0.00169356	0.998306	0.996236		0.314265537	0.685734463
1260	0.710809	0.289191	0.357354		0.911699779	0.088300221
1261	0.894785	0.105215	0.76619		0.399317406	0.600682594
1262	0.999979	0.000021395	0.999952		0.921921922	0.078078078
1263	0.993542	0.00645825	0.985648		0.965385947	0.034614053
1264	0.999451	0.000549086	0.99878		0.960745829	0.039254171
1265	0.999969	3.13749E-05	0.99993		1	0
1266	0	0	0		0.682702748	0.317297252
1267	0.999684	0.000316125	0.999297		0.6139399	0.3860601
1268	0.482581	0.517419	0.65162		0.540331492	0.459668508
1269	0.99634	0.00365974	0.991867		0.898456944	0.101543056
1270	0.998987	0.00101346	0.997748		0.88172043	0.11827957
1271	0.999962	3.75901E-05	0.999916		1	0
1272	0.999994	6.52493E-06	0.999986		0.812590101	0.187409899
1273	0.99663	0.00337023	0.992511		1	0
1274	0.990021	0.00997915	0.977824		1	0
1275	0.991258	0.00874209	0.980573		1	0
1276	0.999763	0.000237181	0.999473		0.957360406	0.042639594
1277	0.133634	0.866366	0.703036		0.92202729	0.07797271
1278	0.938899	0.0611013	0.864219		0.827109267	0.172890733
1279	0.991347	0.00865326	0.98077		0.631117604	0.368882396
1280	0.99922	0.000779703	0.998267		0.885350318	0.114649682
1281	0.9992	0.000800293	0.998222		1	0
1282	1.81924E-06	0.999998	0.999996		0.318891688	0.681108312
1283	0.0649511	0.935049	0.855664		0	1
1284	0.999813	0.00018704	0.999584		0.816449814	0.183550186
1285	0.99998	1.97884E-05	0.999956		0.718617021	0.281382979
1286	0.999847	0.000153491	0.999659		1	0
1287	0.184348	0.815652	0.590339		1	0
1288	0.301846	0.698154	0.329231		0.271047228	0.728952772
1289	0.984009	0.0159908	0.964465		1	0
1290	0.974324	0.0256757	0.942943		0.81678608	0.18321392
1291	0.999799	0.000201443	0.999552		0.708097928	0.291902072
1292	0.992756	0.00724436	0.983901		0.800715381	0.199284619
1293	0.990738	0.0092622	0.979417		0.839622642	0.160377358
1294	0.0203338	0.979666	0.954814		0.121212121	0.878787879
1295	0.947952	0.0520483	0.884337		0.473664267	0.526335733
1296	0.172858	0.827142	0.61587		0.261111111	0.738888889
1297	0.999893	0.000107205	0.999762		0.716004813	0.283995187
1298	0.984489	0.0155109	0.965531		1	0
1299	0.00445294	0.995547	0.990105		0.633333333	0.366666667
1300	0.998478	0.00152198	0.996618		0.71077368	0.28922632
1301	0.999906	9.43594E-05	0.99979		0.693721286	0.306278714
1302	0.0237279	0.976272	0.947271		0.838028169	0.161971831
1303	0.148969	0.85103	0.668957		0.612141653	0.387858347
1304	0.550151	0.449849	0.000335243		0.730027548	0.269972452
1305	0.00923469	0.990765	0.979479		0.335289802	0.664710198
1306	0.0160815	0.983918	0.964263		0.292207792	0.707792208
1307	0.999659	0.000341326	0.999242		0.894278136	0.105721864
1308	0.999145	0.000855177	0.9981		1	0
1309	0.419073	0.580927	0.0687257		0.587096774	0.412903226
1310	0.996832	0.003168	0.99296		0.878836834	0.121163166
1311	0.99768	0.00232029	0.994844		0.738562092	0.261437908
1312	0.998943	0.00105735	0.99765		0.902664492	0.097335508
1313	0.995686	0.00431404	0.990413		0.783549784	0.216450216
1314	0.999961	3.93796E-05	0.999912		1	0
1315	0.99933	0.000670362	0.99851		1	0
1316	0.999991	9.02015E-06	0.99998		1	0
1317	0.996811	0.00318905	0.992913		0.846938776	0.153061224
1318	0.931917	0.0680826	0.848705		1	0
1319	0.914515	0.085485	0.810033		0.519774011	0.480225989
1320	0.999952	4.79958E-05	0.999893		0.91598916	0.08401084
1321	0.472845	0.527155	0.456897		0.728631201	0.271368799
1322	0.999988	1.16077E-05	0.999974		0.975961538	0.024038462
1323	0.999942	5.76556E-05	0.999872		0.804381847	0.195618153
1324	0.999881	0.000118703	0.999736		0.945006599	0.054993401
1325	0.999824	0.000175726	0.99961		0.723684211	0.276315789
1326	0.999896	0.000103879	0.999769		0.779383117	0.220616883
1327	0.00264478	0.997355	0.994123		0.419880034	0.580119966
1328	0.999993	6.98165E-06	0.999985		1	0
1329	0.0613999	0.9386	0.863556		0.425076453	0.574923547
1330	0.999991	8.81619E-06	0.99998		0.789142591	0.210857409
1331	0.999822	0.000178196	0.999604		0.738748336	0.261251664
1332	0.995962	0.00403828	0.991026		0.905482042	0.094517958
1333	0.85947	0.140529	0.687712		0.908320493	0.091679507
1334	0.0121758	0.987824	0.972943		0.827956989	0.172043011
1335	0.999291	0.000709262	0.998424		1	0
1336	0.999771	0.000228948	0.999491		0.980852082	0.019147918
1337	0.999976	2.43191E-05	0.999946		1	0
1338	0.999983	1.73507E-05	0.999961		0.834413247	0.165586753
1339	0.999991	9.38318E-06	0.999979		0.878584229	0.121415771
1340	0.999992	8.11082E-06	0.999982		0.955555556	0.044444444
1341	0.998066	0.00193441	0.995701		0.940298507	0.059701493
1342	0.00750076	0.992499	0.983332		0.307309606	0.692690394
1343	0.999993	6.68709E-06	0.999985		0.962825279	0.037174721
1344	0.994209	0.00579151	0.98713		0.891961971	0.108038029
1345	0.000625791	0.999374	0.998609		0.623242349	0.376757651
1346	0.000608691	0.999391	0.998647		0	1
1347	0.999789	0.000210786	0.999532		0.724046434	0.275953566
1348	0.951576	0.0484243	0.89239		0.666666667	0.333333333
1349	0.770252	0.229749	0.489448		0.233160622	0.766839378
1350	0.442742	0.557258	0.0161299		0	1
1351	0.72581	0.27419	0.390688		0.562113547	0.437886453
1352	0.999848	0.000152438	0.999661		1	0
1353	0.999892	0.000108368	0.999759		0.902941176	0.097058824
1354	0.821176	0.178824	0.602612		0.769508671	0.230491329
1355	0.00181135	0.998189	0.995975		0.242888403	0.757111597
1356	0.116914	0.883086	0.740191		0.45049505	0.54950495
1357	0.0250334	0.974967	0.94437		0.531936128	0.468063872
1358	0.999991	8.91312E-06	0.99998		0.822051774	0.177948226
1359	0.999665	0.000334856	0.999256		0.92310381	0.07689619
1360	0.999883	0.000117463	0.999739		0.777070064	0.222929936
1361	0.999307	0.00069308	0.99846		0.670413899	0.329586101
1362	0.999816	0.000184195	0.999591		1	0
1363	0.99999	9.84417E-06	0.999978		0.672596985	0.327403015
1364	0.998389	0.00161107	0.99642		0.80802194	0.19197806
1365	0.729778	0.270222	0.399507		0.794426679	0.205573321
1366	0.997406	0.00259425	0.994235		1	0
1367	0.999731	0.000268784	0.999403		0.864743012	0.135256988
1368	0.997877	0.00212308	0.995282		0.642004773	0.357995227
1369	0.992941	0.00705924	0.984313		0.875954198	0.124045802
1370	0.999889	0.000110614	0.999754		0.779650032	0.220349968
1371	0.0167549	0.983245	0.962767		0.142857143	0.857142857
1372	0.999994	6.48227E-06	0.999986		1	0
1373	0.873429	0.126571	0.718732		0.899280576	0.100719424
1374	0.986559	0.0134407	0.970132		0.726469458	0.273530542
1375	0.96341	0.03659	0.918689		0.828063241	0.171936759
1376	0.921807	0.0781926	0.826239		0.136276392	0.863723608
1377	0.999593	0.000406888	0.999096		1	0
1378	0.999918	8.15047E-05	0.999819		0.536881419	0.463118581
1379	0.999716	0.000283943	0.999369		0.86862442	0.13137558
1380	0.979262	0.0207376	0.953916		0.911308204	0.088691796
1381	0.999952	4.79442E-05	0.999893		0.692808095	0.307191905
1382	0.34523	0.65477	0.232823		0.215686275	0.784313725
1383	0.913295	0.0867052	0.807322		0.320783133	0.679216867
1384	0.930518	0.0694824	0.845595		0.649941657	0.350058343
1385	0.999397	0.000602972	0.99866		0.839214114	0.160785886
1386	0.999829	0.000171065	0.99962		0.847636039	0.152363961
1387	0.999076	0.000924179	0.997946		0.896879958	0.103120042
1388	0.782256	0.217744	0.516124		0.365122616	0.634877384
1389	0.998911	0.00108935	0.997579		0.686192469	0.313807531
1390	0.999974	2.59156E-05	0.999942		0.923492349	0.076507651
1391	0.845011	0.154989	0.655581		0.513546057	0.486453943
1392	0.999991	9.36449E-06	0.999979		1	0
1393	0.999898	0.000102074	0.999773		0.683815648	0.316184352
1394	0.915991	0.0840087	0.813314		0.375586854	0.624413146
1395	0.98652	0.0134802	0.970044		0.804727646	0.195272354
1396	0.999929	7.13188E-05	0.999841		1	0
1397	0.0534405	0.946559	0.881243		0.349315068	0.650684932
1398	0.19067	0.80933	0.576289		0.658952497	0.341047503
1399	0.999839	0.000161113	0.999642		0.514824798	0.485175202
1400	0.999989	1.04932E-05	0.999977		0.741371778	0.258628222
1401	0.980403	0.0195971	0.956451		0.65625	0.34375
1402	0.999928	7.22727E-05	0.999839		0.932975871	0.067024129
1403	0.999991	8.98581E-06	0.99998		0.746183206	0.253816794
1404	0.00641747	0.993582	0.985739		0.412669127	0.587330873
1405	1.95931E-06	0.999998	0.999996		0.449285465	0.550714535
1406	0.00100162	0.998998	0.997774		0.278835979	0.721164021
1407	0.991247	0.00875271	0.98055		0.770661157	0.229338843
1408	0.999796	0.000203627	0.999548		0.826839827	0.173160173
1409	0.999985	1.45648E-05	0.999968		0.7403946	0.2596054
1410	0.999989	1.07334E-05	0.999976		0.960796712	0.039203288
1411	6.76085E-05	0.999932	0.99985		0.303556658	0.696443342
1412	0.999903	9.71333E-05	0.999784		0.842016333	0.157983667
1413	0.999962	0.000037864	0.999916		0.805679643	0.194320357
1414	0.989347	0.0106534	0.976326		0.698537868	0.301462132
1415	0.990193	0.00980656	0.978208		0.586053939	0.413946061
1416	0.999862	0.000138288	0.999693		0.796402878	0.203597122
1417	0.98104	0.0189601	0.957866		0.693310997	0.306689003
1418	0.993699	0.00630123	0.985997		0.676844784	0.323155216
1419	0.725066	0.274934	0.389036		0.919224556	0.080775444
1420	0.999991	9.39065E-06	0.999979		0.907051282	0.092948718
1421	0.999701	0.000299365	0.999335		0.871299871	0.128700129
1422	0.829764	0.170236	0.621699		0.598901099	0.401098901
1423	0.994043	0.00595685	0.986763		0.790291676	0.209708324
1424	0.997516	0.00248429	0.994479		0.761342593	0.238657407
1425	0.706041	0.293959	0.346757		0.740673887	0.259326113
1426	0.998513	0.00148742	0.996695		0.750430293	0.249569707
1427	0.978297	0.0217029	0.951771		0.798927614	0.201072386
1428	0.999909	9.09875E-05	0.999798		1	0
1429	0.999836	0.000164147	0.999635		1	0
1430	0.99999	1.01467E-05	0.999977		0.973419965	0.026580035
1431	0.000597226	0.999403	0.998673		1	0
1432	0.999928	7.16784E-05	0.999841		1	0
1433	0.999957	4.26723E-05	0.999905		0.92061639	0.07938361
1434	0.999939	6.10586E-05	0.999864		0.605860504	0.394139496
1435	0.99999	9.66375E-06	0.999979		0.671407186	0.328592814
1436	0.999802	0.000197668	0.999561		0.738524239	0.261475761
1437	0.999956	4.38259E-05	0.999902		1	0
1438	0.999975	2.50193E-05	0.999944		1	0
1439	0.999991	0.000008874	0.99998		1	0
1440	0.999984	0.000015776	0.999965		0.995067818	0.004932182
1441	0.880611	0.119389	0.734691		0.716830755	0.283169245
1442	0.999987	1.25327E-05	0.999972		1	0
1443	0.999994	6.37102E-06	0.999986		1	0
1444	0.952525	0.0474752	0.8945		1	0
1445	0.983569	0.016431	0.963487		0.752851711	0.247148289
1446	0.866509	0.133491	0.703353		0.683851919	0.316148081
1447	0.999907	9.25965E-05	0.999794		1	0
1448	0.999993	6.74803E-06	0.999985		0.815830316	0.184169684
1449	0.99999	1.03305E-05	0.999977		0.68898343	0.31101657
1450	0.999885	0.000115221	0.999744		1	0
1451	0.999953	0.000046626	0.999896		0.830595483	0.169404517
1452	0.844502	0.155498	0.654448		0.855702583	0.144297417
1453	0.999993	6.79068E-06	0.999985		1	0
1454	0.998167	0.00183339	0.995926		0.866666667	0.133333333
1455	0.99999	9.62484E-06	0.999979		0.641615986	0.358384014
1456	0.0064585	0.993542	0.985648		0.653225806	0.346774194
1457	0.360268	0.639732	0.199405		0.457379445	0.542620555
1458	0.999978	2.23029E-05	0.99995		0.962797619	0.037202381
1459	0.956488	0.0435119	0.903307		0.683544304	0.316455696
1460	0.999832	0.000168482	0.999626		1	0
1461	0.99992	7.99715E-05	0.999822		1	0
1462	0.955964	0.0440358	0.902143		0.744680851	0.255319149
1463	0.9999	9.99238E-05	0.999778		0.767005892	0.232994108
1464	0.997231	0.00276905	0.993847		0.6996997	0.3003003
1465	0.999993	6.72026E-06	0.999985		0.969742814	0.030257186
1466	0.994871	0.00512937	0.988601		0.58554729	0.41445271
1467	0.999963	3.72479E-05	0.999917		0.980952381	0.019047619
1468	0.966576	0.0334243	0.925724		0.770290965	0.229709035
1469	0.993501	0.00649929	0.985557		0.567387687	0.432612313
1470	0.991907	0.00809325	0.982015		1	0
1471	0.999079	0.000921186	0.997953		0.76635514	0.23364486
1472	0.920263	0.0797369	0.822807		0.946524064	0.053475936
1473	0.806389	0.193611	0.569753		0.94047619	0.05952381
1474	0.934705	0.0652952	0.8549		0.768035516	0.231964484
1475	0.999984	1.57167E-05	0.999965		1	0
1476	0.146699	0.853301	0.674002		0.604830242	0.395169758
1477	0.745848	0.254152	0.435217		0.560471976	0.439528024
1478	0.997716	0.0022838	0.994925		0.768237573	0.231762427
1479	0.982649	0.0173507	0.961443		0.659271662	0.340728338
1480	0.194257	0.805743	0.568317		0.371011851	0.628988149
1481	0.304344	0.695656	0.32368		0.727653631	0.272346369
1482	0.962952	0.0370484	0.91767		0.822516149	0.177483851
1483	0.994608	0.00539195	0.988018		0.924953096	0.075046904
1484	0.99953	0.000469807	0.998956		0.985207101	0.014792899
1485	0.996255	0.00374466	0.991679		0.647058824	0.352941176
1486	0.977598	0.0224018	0.950218		0.938759065	0.061240935
1487	0.999637	0.000362748	0.999194		0.96039604	0.03960396
1488	0.824655	0.175345	0.610345		0.891304348	0.108695652
1489	0.994777	0.00522332	0.988393		1	0
1490	0.990741	0.00925861	0.979425		0.712245781	0.287754219
1491	0.990137	0.00986278	0.978083		1	0
1492	0.108084	0.891916	0.759814		0.535714286	0.464285714
1493	0.996688	0.00331149	0.992641		1	0
1494	0.999925	7.45904E-05	0.999834		0.737024221	0.262975779
1495	0.999993	6.81436E-06	0.999985		0.989872468	0.010127532
1496	0.999986	1.37078E-05	0.99997		0.905590522	0.094409478
1497	0.888146	0.111854	0.751435		0.898097826	0.101902174
1498	0.985036	0.0149637	0.966747		0	1
1499	0.999164	0.000836452	0.998141		0.604743083	0.395256917
1500	0.999981	1.91738E-05	0.999957		1	0
1501	0.00114189	0.998858	0.997462		0.589827728	0.410172272
1502	0.998564	0.00143577	0.996809		0.7541841	0.2458159
1503	0.99975	0.000249579	0.999445		0.646208471	0.353791529
1504	0.900385	0.0996147	0.778634		0.915146102	0.084853898
1505	0.999962	3.77228E-05	0.999916		1	0
1506	0.999986	1.36876E-05	0.99997		1	0
1507	0.998998	0.00100232	0.997773		0.666169896	0.333830104
1508	0.981005	0.0189947	0.95779		0.365638767	0.634361233
1509	0.979798	0.0202019	0.955107		0.807321773	0.192678227
1510	1.90669E-06	0.999998	0.999996		0.278036176	0.721963824
1511	0.999166	0.000833855	0.998147		1	0
1512	0.128751	0.871249	0.713887		0.256046267	0.743953733
1513	0.999976	2.42905E-05	0.999946		0.814492754	0.185507246
1514	0.999865	0.000135377	0.999699		0.936564505	0.063435495
1515	2.14983E-06	0.999998	0.999995		0.18870843	0.81129157
1516	0.120311	0.879689	0.732642		0.662269129	0.337730871
1517	0.996773	0.00322689	0.992829		1	0
1518	0.998229	0.00177082	0.996065		1	0
1519	0.637301	0.362699	0.194003		0.174311927	0.825688073